duplicate: 
11120004113
11171231148
11171466144
11171568749
12000105425
12000140921
12000140945
12005404653
12005427577
12005427584
12044040492
12044040492
12044040492
12044041727
12044041727
12044041727
1223004
1223101
1223305
1231100
1274600
13800100726
13800558121
15200300294
16000106109
16000461444
16000461475
16000461482
16500537595
16500537601
16500537618
16500537649
16500543473
16500559399
16500559429
16500562733
19014610860
19014700110
20200129783
20200130048
22400393636
22400393636
22400393636
22400393667
22400393667
22400393667
22400393728
22400393728
22400393728
22400393759
22400393759
22400393759
22700062485
22700103225
22700578993
22700581030
22798177504
23100010045
23100019079
23100111162
23100113838
23100117072
23100279909
23400010707
23400016204
24021801538
24200050160
24200060947
24200089962
24200089962
24200089993
24200089993
24200092061
24200095666
24200095666
24200096472
24200096687
24200096748
24200097875
24200098056
25700700791
25700713814
27000490174
27331000332
27815001237
27815003200
27815004375
27815300507
27815300569
27815308114
28000466312
28400055987
28400071031
28400371858
28400595070
28400595117
300450550248
301220193771
301220453356
301490039083
305212750003
307667390001
31568873034
31568873324
31568873898
33200000730
33200065135
33200093305
33200093343
33200095538
33200972983
33200973324
33200973324
3424005
3435719
35000141255
35000390158
35000391315
35000391643
35000393715
35000393722
35000446671
35000446749
35000461575
35000462855
35000462985
35000467928
35000491107
35000498625
363824008363
363824201443
36600810916
36600814013
36600828126
37000011989
37000011989
37000011989
37000012146
37000012146
37000012146
37000061991
37000061991
37000061991
37000062035
37000062035
37000062035
37000106319
37000110453
37000149590
37000158158
37000172208
37000217374
37000220947
37000222750
37000224051
37000230243
37000255741
37000291930
37000319719
37000355106
37000357629
37000357629
37000357629
37000393009
37000393009
37000393009
37000425397
37000425397
37000509547
37000520252
37000520252
37000520252
37000571780
37000571780
37000571780
37000820277
37000823049
37000823049
37000823551
37000823551
37000823551
37000823650
37000823704
37000823865
37000823865
37000823865
37000827894
37000834656
37000840015
37000841531
37000841531
37000841753
37000846246
37000846475
37000846499
37000846598
37000849100
37000849155
37000849193
37000849322
37000855224
37000861768
37000861799
37000863175
37000863175
37000867500
37000877691
37000877691
37000877691
37000878094
37000878094
37000880806
37000880806
37000887393
37000891253
37000891291
37000891307
37000891314
37000898504
37000900993
37000900993
37000909002
37000909033
37000922612
37000928102
37000928164
37000930358
37000945994
37000946007
37000949473
37000952749
37000952848
37000952848
37000952848
37000955672
37000956150
37000956266
37000960294
37000967460
37000967460
37000971672
37000971672
37000971931
37000979319
370030658459
38000850325
41196010886
41196410761
41196910360
41196914016
41196914030
41388000466
41388002231
41388210216
41554009095
41554264579
41554404890
41554404937
430000360376
43000045510
43000200018
43000204313
43000204337
44000000578
44000000578
44000019310
44000024567
44000031121
44000032197
44000032234
44000044671
44600307763
46500731792
46600009760
46600033864
46600034281
46600220288
46600350053
46600550033
46600550057
49000045741
49000045758
49000050103
49000050110
49000050141
49000050158
49000050172
49000050257
49000050264
49000050271
49000055375
49000055399
50000295074
50000427543
50000579631
50100006037
51000005243
51000005564
51000005687
51000038852
51000142931
51000150073
51000208255
51000211644
51000224668
51000224729
51000231529
51500763100
52000010381
52000010541
52000102390
52000103939
52000103939
52000104073
52000128567
52000128574
52000128574
52000204087
52000204087
52000204094
52000204094
52000320169
52000325553
52000338768
52000338775
54600105689
59647510458
59647510618
603084001200
603084001200
603084026852
603084026852
603084026852
603084215102
603084215102
603084215102
603084215119
603084215119
603084215119
603084260140
603084260140
603084260201
603084260201
603084260201
603084260225
603084260225
603084260225
603084266173
603084266173
603084266173
603084294916
603084294916
603084294916
603084294923
603084294923
603084294923
603084411801
603084411801
603084411801
603084427390
603084427390
603084433919
603084433919
603084433919
603084433926
603084433926
603084433926
603084463169
603084463169
603084463169
603084463183
603084463183
603084463183
603084463336
603084463336
603084463336
603084463350
603084463350
603084463350
610352011540
610352011557
610352011564
610352011571
610352011588
610352011618
610352073036
613008719302
615650220403
615650300273
678112665778
70312362370
70312363520
70312364190
70312364206
70312364206
704051701038
70800041466
70800941469
70847003229
70847012474
70847016205
70847017554
70847020905
70847021520
70847022909
70847024026
70847811169
70847811268
70847812517
70847812609
70847812715
70847812807
71024192026
71024392020
71190006684
715256431187
71817000217
720547001017
720547730832
72140014216
72613451081
72613451081
72613451081
72613451692
72613451784
72613451852
72613458301
72613459896
72613460908
72613460946
72613461554
72613461578
72613461608
72613463497
72613463497
72613463671
72613708062
72613708062
72613708802
72613710744
72613710744
72613710751
72613710751
72785114074
72959060220
730637022013
730637023010
731509103229
731509605570
731509605617
731509605631
731509605730
731509605907
74108075154
74108075154
74108081230
74108087096
74108172563
74108221254
74108268082
742678100575
75919001806
76314302987
78000000344
78000003376
78000052169
78000052466
78000052466
78000082166
78000082395
78000082463
78000083163
78000113464
78000152463
78742147130
79100112357
79100217045
802535439030
809219600038
82269720301
829274006224
829274513753
83078003142
83078113148
83078113179
885898000086
886449508105
887661841179
892992002274
892992002281
91093822341
91093833354
91093833378
93000501110
93000501158
93000502094
93973730128
93973797732
94514410530
94514412510
94514414200
94514414217
94514416044
94514419670
94514428351
94514428597
94514428689
94514428689