Content-Type: text/plain; charset=UTF-8

Coco ass 3rd top half
731509587159 100
731509612035 100
719565323867 250
430000125548 600
430000147304 150
430000147311 200
430000147328 600
731509560459 300
731509584165 300
731509586343 300
731509584134 300
731509584127 300
731509584127 300

430000125562 300
430000147335 200
430000147137 100
430000147267 075
430000191055 100
731509612035 100
731509612042 300
731509505719 100
731509505238 100
731509545395 295
731509545388 295

430000125531 200
430000125555 250
430000147182 200
430000147250 100
430000147298 200
731509505207 295
731509505290 295
731509528831 295
731509571004 295
731509528824 295
731509534979 295

430000125579 250
430000147212 100
731509103229 500
731509658088 500
731509586756 500
731509613148 500
731509587111 400
731509103229 400

Content-Type: text/plain; charset=UTF-8

613008719302 
078742147130

Content-Type: text/plain; charset=UTF-8

Popcorn 375 2.700s oct15
027000490174

Content-Type: text/plain; charset=UTF-8

Laundry addition
072613451784 485
035000393722 700
035000393715 700
037000425397 300
037000898504 450
072613451692 300
035000390141 300
072613460946 450
072613451852 450
035000390158 300
035000391315 225
037000952848 500

072613451081 200 175s oct1

610352011618 100
610352011564 100
610352011571 280
037000017981 850
037000823551 500
037000823865 500
610352011557 280
610352011540 100
037000823650 200
037000971931 425
610352011588 100
037000291930 300
037000949473 300
037000823704 200
035000391643 175

Content-Type: text/plain; charset=UTF-8

Chemical cleaning 2
081238198523 300
720547001017 500 450s oct22
720547730832 200

019800001285 550
722429640222 300
722429200167 100
044600315713 200

030036001900 200
041911000536 200
811435001278 100
054600105689 285
059647510465 185
044600301792 275
019800801373 325
044600006284 235
054600002865 285
059647510458 185
044600169330 275

072785115521 175
019200752176 200
019200953672 200
037000499442 275 250s oct8
037000510222 300 250s oct22
073078121212 100
073078012121 100
016500980346 200
037000163565 275 250s oct8

Content-Type: text/plain; charset=UTF-8

Other shit for cosmetic
731509584271 350
731509584240 350
731509584264 350
081555733629 100
081555737009 100

Content-Type: text/plain; charset=UTF-8

1016 Donaldson ave
Special dg children all 100
805219179000
805219270097
805219171264
805219699485
805219087237
805219112229
805219087237
805219012246
805219104675
805219178867
805219302422
805219659021
805219107683
805219237892
805219551028
805219550281
805219112229
805219158043
805219158012
805219112229
805219320112
805219151822
805219028650
805219387900
805219107485
805219387900
805219105030
805219430682
805219430682
805219105030
805219181959
805219087305
805219087305
805219151815
805219151822
805219176009
805219381243
805219346662
805219151792

Content-Type: text/plain; charset=UTF-8

Clearance dg special
011179370917
011179370719
011179370818
011179371013
430000360376

Content-Type: text/plain; charset=UTF-8

Fresher
Also sales end today
Dg street be on the ugly dg
046500733437 100
062338770024 100
062338758190 100
037000940005 500
037000938224 300
046500737961 100
046500733321 100
046500733338 100
062338852577 100
062338747347 100
037000470922 500
037000319917 300
046500757693 300
046500766527 300
046500757839 300
046500757655 300
046500763540 300
037000938248 300
037000958802 300
814840011702 350
814840011696 150
037000811183 500
037000811138 300
037000956785 300
037000939986 300
037000865889 300
030036002051 200
019200815451 450
030036002204 200
010228212079 200
019200929875 450
010228212093 200

Content-Type: text/plain; charset=UTF-8

Frozen ham
027815597266 150
046600005014 250
046600005724 250
046600220288 325

Content-Type: text/plain; charset=UTF-8

195 150s til oct22
041196010329
041196915051
041196914153
051000211651
051000211644
051000208255
051000128041
041196910360
041196410761
041196010886
051000005243
051000005564
051000142931
041196914160
041196914030
041196914016
051000038852
051000005687
051000150073

Content-Type: text/plain; charset=UTF-8

Luadry detergent all $5
033200093343
072613461554
033200093305
033200973324
033200095538

Content-Type: text/plain; charset=UTF-8

Frozen ham
027815411098 425
027815004375 350
046600009791 350
027815004382 350
046600009760 350
027815308114 365
027815003200 365

Content-Type: text/plain; charset=UTF-8

Other shit for softer all 500
037000823049
037000900993

Content-Type: text/plain; charset=UTF-8

Toothpastes
035000744579 300
035000741288 500
035000741196 300
037000703075 550
037000385844 300
035000762320 325
035000762221 325
037000946403 350
037000946274 350
037000946656 375
035000525963 400
035000763723 350
035000763716 200
037000948568 500
037000947714 350
032251202704 500
035000766908 500
035000763792 400
035000767103 200
037000926924 100
037000812807 425
037000947820 350

Content-Type: text/plain; charset=UTF-8

310158062042 500
076660300514 475
310158062141 195
032251004278 285
076660008663 475
076660008625 215

310158054603 375
310158054559 500
310158054702 375
032251004261 175
032251004230 175
310158053606 250
032251004247 175
814832015862 275
011509001627 385
011509001634 385

Content-Type: text/plain; charset=UTF-8

Pet shit
046798771029 300
073091885139 250
073091025405 300
073091018643 400
073091024385 295

Content-Type: text/plain; charset=UTF-8

PUDDING CUPS SHELF STABLE
027000419021 100
027000419328 100
027000419007 100
027000419014 100
027000419038 100
027000419205 100
027000419229 100
027000419199 100

Content-Type: text/plain; charset=UTF-8

Dog food last shit
801582001399 100
070155142825 200
070155142795 200
801582001412 100
079100513529 275
079100942039 275
011132006815 200
848108001204 375
848108001235 200
848108000528 100

091093833354 275
091093833392 250
091093833378 275
015958976840 165
015958976857 200

091093822334 225
091093822341 200
604142520152 300
615650300273 295
430000156979 355
015958983787 200

079100522866 200
079100522859 200
023100101606 200
615650450213 250
615650220403 200
615650260102 180
015958985040 250

845352060131 200
845352070086 200
011132171766 200
011132171384 300
023100103068 395
023100117089 395
023100108605 395
023100110691 395

772924504062 200
012344110017 200
071190006684 325
073091822233 200
877869006500 100
038100106551 300
017800158435 100

Content-Type: text/plain; charset=UTF-8

Cat B brooms and mops 1
011171269639 850
011171560880 900
741943236308 200
011171265006 500
011171568725 850
011171466144 1200
011171567643 800
011171568749 750
011171248900 450
082269720301 650

Content-Type: text/plain; charset=UTF-8

Swiffer
037000169420 300
037000928041 500
430000487950 600
037000809005 1000
430000565702 750
037000928140 1200
037000928164 1700
037000928102 2400

Content-Type: text/plain; charset=UTF-8

Frozen wieners and bacon
070800941469 450
070800041466 450
027815300569 225
072290000008 375
046600550057 350
046600550033 350
046600350053 350
027815300507 325
027815001114 325
704051701038 450
050100006037 275
050100006013 150
027815001237 250
046600000705 250

Content-Type: text/plain; charset=UTF-8

037000940593 995 945s oct1
037000941460 995 945s oct1
072105011489 450 2.800s oct1
037000941149 500 495s oct1

Content-Type: text/plain; charset=UTF-8

Corn and flour Tuqrlta
072250017565 210
072250017558 210
027331000608 170
027331000332 200
027331000363 240

Content-Type: text/plain; charset=UTF-8

Pet EAN 13
4895153308921 700
4895153308631 355
4895153313604 595
4895153308372 375
4895153312829 295
4895153313727 300
4895153312867 750
4895153308358 550
4895153313581 495
4895153313703 100
4895153308327 100
4895153308303 300
4895153313390 350
4895153313673 495
4895153313598 495
4895153360233 495
4895153308280 495
4895153313642 295
4895153313680 300
4895153308082 200
4895153308150 150
4895153308105 225
4895153308365 350

Content-Type: text/plain; charset=UTF-8

Last bath
056100007067 425
037000321361 150 125s oct22
037000000532 150 125s oct22
816559011561 350
816559010748 350
816559010694 200
816559010700 200
017000039626 495
017000039619 495

851179002223 450
011111040946 600
011111312395 600
011111121850 600
011111403895 600
011111515598 500
011111471153 500

851179002216 250
011111040908 350
011111040915 350
851179002209 250
011111553460 350
011111040922 350
037000844259 400
037000844327 400
011111471863 275
011111471481 275
011111471511 275

072785115460 400
011111122246 550
072785115446 400
011111079731 550
072785115453 400
011111124257 550
067153942533 400
037000856405 400
037000912200 400
072785115507 250
037000856368 400

072140018627 350
072140020576 350
072140020552 350
072140005443 250
017000050140 325 300s oct22
037000925675 400
037000919834 300
074182280338 300
074182280567 300
074182281724 300
074182289379 300

809219080007 150
809219000937 150
809219600038 150
072785115392 200
072785115385 200
072785115361 200
072785115378 200
072785115491 250
072785115484 250
037000919827 150
037000919841 300

Content-Type: text/plain; charset=UTF-8

022700578993 600

Content-Type: text/plain; charset=UTF-8

Chemical cleaning 3
059647510588 100
059647510571 100
081238198578 400

071287862629 350
044600016566 485
035140702675 190

071287861806 350
044600016283 485
035140702354 100
019800201333 325

071287836972 600
044600015996 800
019800317690 325

071287836323 185
019200811453 250
019200833073 475
019200850179 250

071287861295 185
044600015941 250
044600016733 450
019200793261 535
019200793292 535

Content-Type: text/plain; charset=UTF-8

450
022700007295
022700103225

Content-Type: text/plain; charset=UTF-8

Dish cleaner oct15 200 175s
037000965633
037000965534
037000965558

Content-Type: text/plain; charset=UTF-8

100 095s oct1
023400016204
023400998081
019800036591
023400354498
023400350018
019800036638
019800036744
023400010707
019800036676

Content-Type: text/plain; charset=UTF-8

Stomach shit
Same street that ugly dg but clean
305732883113 800
370030659289 350
301320079500 350
301320185829 475
072785104549 200
079068007214 400
312843393240 150
370030658763 200
072785106086 125
079068007221 125
072785104556 200
715256431187 385
301490039564 475
715256402446 585
370030658312 385
301490039083 275
715256431187 500
301490039083 400
301490039908 450
301490320402 225
370030659449 275

Content-Type: text/plain; charset=UTF-8

Dish shit now 200
035000463173

Content-Type: text/plain; charset=UTF-8

051500253625 295 250s oct22
051500239131 250 200s oct22

Content-Type: text/plain; charset=UTF-8

Chemical cleaning
044600315706 500
044600311937 500
043152015317 450
035000530585 600

044600313344 200
093973980554 100
035000531049 200
035000530967 200

035000530981 200
035000530301 300
035000531254 300
035000531001 300
035000530325 300

041294419048 300
041294401128 300
041294401999 300
041294973250 300
037000510239 300 250s oct22
037000976707 300 250s oct22
037000827078 215
041294401876 200
041294973625 200
041294973267 200

037000233725 300 250s oct22
019200955270 300
019200906463 300
019200899628 300
072785115538 150
035140122886 100

Content-Type: text/plain; charset=UTF-8

GELATIN/PUDDING MIXES
043000204337
043000204313
043000200018

Content-Type: text/plain; charset=UTF-8

Nutrition and diets
811568004344 500
867500000103 465
634567999301 300
634567991305 300
885898000086 600
076314321087 450
076314302987 450
763089013667 600
763089013629 600
070074407111 800s
041679940662 900
358286980081 450
878114014080 500
710363570538 200
092961040096 500
072959060220 375

Content-Type: text/plain; charset=UTF-8

Cosmetic all 100
081555773694
081555770877
081555770921
081555770846
081555770907
081555770884
081555770969
081555770921
081555773618
081555770860
081555770853
081555773694

Content-Type: text/plain; charset=UTF-8

Cold flu relief
370030658701 450
323900038158 900
323900038141 750
370030658572 425
351013175040 500
370030640027 550
370030659555 400
323900014275 800
323900014251 700

323900038486 900
323900038493 800
370030659425 600
323900014268 800
359726480482 700
370030168583 350

016500562733 650
016500559399 500
016500559429 500
016500543473 475
016500537601 600
016500537618 600
730637023010 250
016500537595 475
730637022013 250
016500537649 475

Content-Type: text/plain; charset=UTF-8

Whats on sales
095188021282 200 2.300s feb3
095188011283 200 2.300s feb3
043000953501 255 200s oct1
041800207503 375 200s oct1
041800201648 250 200s oct1
041800273508 250 200s oct1
041800200986 250 200s oct1

Content-Type: text/plain; charset=UTF-8

Chemical cleaning oct15
043152015317 450 400s

300 275s
035000531254
035000531001
035000530813

Content-Type: text/plain; charset=UTF-8

Water shit
786162010001 125
786162110008 125
786162150004 125
786162080004 125
025000034824 100
025000034763 100
016571910303 100
016571950842 075
070925008108 075
070925008139 075
070925008115 075
070026350243 100
072891701748 100
075140006007 065
786162001511 150
786162338006 100
027541009644 200
049000028706 350
072891704602 075
049000026566 100
027541009293 295
012000504044 500

Content-Type: text/plain; charset=UTF-8

Baby stuff
032251146923 750
032251146930 750
036000167924 600
036000318166 600
032251146954 465
032251146947 465
036000318111 250
036000167900 250
032255546972 200
032251146961 200
032251144134 300
036000318036 200
032251148682 200
032251148132 200
032251147005 200

Content-Type: text/plain; charset=UTF-8

Soft drinks5 160
01223305
01274600
01223101
01223004

Content-Type: text/plain; charset=UTF-8

Soft drinks 4 125
078000003376
078000113464
071817000217
078000052466
078000000344

Content-Type: text/plain; charset=UTF-8

Soft drinks 3
This 160
078000152463
078000052466
078000082463
049000050172

049000050158 165

Content-Type: text/plain; charset=UTF-8

Soft drinks 2

This 100
012000140938
012000140921
012000140945
012000105425
018000073368
078000013566
04241423
04240521
04263823
04264026
04263920
04266024
078000082395
049000023190
049000055399
049000055375
025000053818
049000050271
049000050264

049000050257 135

Content-Type: text/plain; charset=UTF-8

2ltr soft drinks 165
049000050158
049000050110
049000050141
049000050103

Content-Type: text/plain; charset=UTF-8

Dg at near wells Fargo and heb
Eyewear all 600
887661840516
024021815481
887661952899
887661840554
887661037756
024021790368
024021834314
024021817195
024021843026
887661840516
024021825015
024021815481
887661952820
887661952899
887661037770
887661037756
887661952967
024021834437
024021834314
887661840554
024021843026
024021790399
024021815504
024021815481
887661952837
024021825022
024021822069
887661037701
887661037787
887661840578
024021863277
024021835038
887661037671
024021825237
024021815504
024021817010
887661840578
887661952844
887661037794
887661037718
024021790375
024021815467
024021837292
887661840622
887661840578
024021846805
887661952998
887661840516
024021826029
887661952769
024021790412
024021817010
887661037725
887661037671
887661840646
887661953001
024021852783
024021817263
887661952936
887661952844
887661952936
887661037824
024021790368
887661037688
887661953001
024021834314
024021833010
887661840646
024021826630
024021838435
887661037831
887661744470

Content-Type: text/plain; charset=UTF-8

Whats on sales
028000822057 100 but 2.100s
028000781675 100 but 2.100s
040000495963 325 but 2.600s
040000496021 325 but 2.600s
040000496045 325 but 2.600s

Content-Type: text/plain; charset=UTF-8

Bottom pet food
023100279909 065
015200300294 450
050000579631 650
050000295074 650
079100217045 485
050000427246 100
050000427543 100
079100531141 080
072562054449 080
829274006224 600
079100112357 475

Content-Type: text/plain; charset=UTF-8

Dog treat 2
All this 075
011132135973
023100010045
023100019079
011132108403
011132136048
011132136062
023100113838
023100111162
011132125165

079100525416 2.100
079100503025 2.100
079100344178 2.100
050000290741 475
229000290765 475
050000351244 060
050000350544 060

Content-Type: text/plain; charset=UTF-8

Lipstick all 150
081555774738
081555774622
081555774707
081555774691
081555774738
081555774677
081555774707
081555774660
081555774646
081555774639
081555774622
081555788513
081555789312
081555788773
081555788186
731509605631
731509605617
731509605594
731509605570
731509605631
021555764841
081555764227
081555764241
081555764142
081555744717

Content-Type: text/plain; charset=UTF-8

Brooms shit 3
430000660919 250
046412103557 100
076453506307 200
076453506185 200
076453506369 200

071454068113 100
011171288531 100
011171288500 100
642545470063 100
011171287329 100

430000376896 175
430000376889 150
642545470087 165
051141956107 250
051141956138 425
051141355344 200
051131974494 375

051141255071 100
053200072742 200
051141984193 275
021200417566 350
051111029398 250
021200001833 150
021200520426 250
021200520419 450

051141916965 100
076308728380 250
051141373492 275
051141373508 450
021200000003 150
051141354927 250
051141354934 425

076308729264 300
011171377631 150
011171375729 150
011171378904 150
051141254449 135
051141924847 135
051141366104 295
021200572807 295
051141912615 225

047415280115 100
075182056619 200
011171259609 140
011171259593 140
011171259586 140
076308729103 300
053200024796 300
051141369099 300
051141913131 365
021200978562 650

Content-Type: text/plain; charset=UTF-8

044600307763 425 395s oct1
060200030801 395 375s oct22

Content-Type: text/plain; charset=UTF-8

Cookies not sale all 175
020200129783
020200130048

Content-Type: text/plain; charset=UTF-8

Nuts 375 350s oct15
029000019829
029000072084
029000072091

Content-Type: text/plain; charset=UTF-8



Pasta
064144047178 100
064144863594 175
064144043101 250
051000025234 145
051000025272 100
051000224323 100
064144043026 100
037600296304 225
037600378574 200
037600070607 225
037600143943 225
037600085298 225
037600492317 225
051000224361 100
064144043156 100
064144043224 100
037600369183 225
037600495479 225
037600349864 225
037600296304 225
037600387828 200
037600495479 225
055049002331 2/100
021000658978 130
021000653713 130
021000725403 385
021600103762 180
021000658862 250
021000057849 450
055049003581 180
021000658893 250
021000658930 250
021000051533 450
021000032563 375
021000012534 375
021000023394 375
021000044962 395
021000044429 300
021000671489 300
021000023226 100

Content-Type: text/plain; charset=UTF-8

Fresher 1
023400354696 275
023400021079 275
023400010707 100
023400016204 100
075919001806 360
075919011003 250
062338858258 100
033200000204 100
062338952048 300
062338952062 300
037000166306 500
037000071006 300
037000470922 500
037000319917 300
019200741866 450
019200028455 450
037000940005 500
037000904946 300
046500733376 100 and b3g1s
046500763496 100
046500766510 100
046500737961 100
046500733437 100 and b3g1s
062338770024 100
062338758190 100
046500733406 100
046500733413 b3g1s
046500733338 100 and b3g1s
062338852577 100
062338747347 100
851266000941 500
851266000262 500
851266000958 500
851266000279 500
851266000132 500
037000197430 355
037000909026 400s
037000909033 400s
037000908999 500
037000909002 500
046500747120 1000
062338935546 800

Content-Type: text/plain; charset=UTF-8



Cleaning chem 5 bottom
070922103714 3.200
019200791748 375
019200791786 200
019200850209 200
059647510595 375
019800001179 400
070922051336 265
072833050323 100
044600002286 750

Content-Type: text/plain; charset=UTF-8



049000028904 475
049000042559 475
049000031034 475
049000028935 475
049000030730 475
049000030747 475
078000082166 475
078000083163 475
042200027531 275
042200027548 275
042200027555 275
042200027678 275
042200027685 275
042200027517 275
078000013054 400
012000684548 400
012000809972 465
012000809965 465
012000809941 465

Content-Type: text/plain; charset=UTF-8



Soda
049000052350 250
049000052374 250
049000052404 250
049000024685 365
049000045840 365
049000024692 365
049000024708 365
07838808 365
078000052169 434
012000107351 350
012000504082 350
012000504068 350
012000504051 350
012000591570 300
012000591563 300

Content-Type: text/plain; charset=UTF-8



Baking needs Oct 15
071024192026 165 125s
071024392020 165 125s
051500763100 175 150s
051500601334 125 100s
028000033279 275 250s
028000217600 275 250s

Content-Type: text/plain; charset=UTF-8



Pasta sauce Oct 15 185 3.300s
036200430170
036200004401
036200004449
036200002506

Content-Type: text/plain; charset=UTF-8



So up Oct 15 3.300s
051000224729 150
051000231529 150
051000224668 150
051000010315 125
051000012616 125

Content-Type: text/plain; charset=UTF-8



Ice cream Oct 15
041548034850 400 350s
041548001852 400 350s
041548333854 400 350s
041548003856 400 350s
041548510972 400 350s
047677482913 385 300s

Content-Type: text/plain; charset=UTF-8



Frozen food Oct 15
070085060121 275 200s
071921672171 475 350s
071921672171 475 350s
043695071122 300 2.500s
043695071115 300 2.500s
013800100726 315 275s
013800558121 425 325s
082988010066 550 500s

Content-Type: text/plain; charset=UTF-8



Juice Oct 15
041800400102 250 200s

Content-Type: text/plain; charset=UTF-8



Cereal OCT 15 3.600s
884912129710 265
016000275348 300
884912111715 265

Content-Type: text/plain; charset=UTF-8



Cracker Oct 15
044000000578 255 225s
044000048082 255 225s
044000031121 385 2.700s
044000019310 265 250s

Content-Type: text/plain; charset=UTF-8



300318753033 950
715256601047 500
370030658435 700
370030658954 550
368163703863 285
378112694807 265
678112013005 250
363736019198 350
070312360543 250
363824740164 325
070312360291 200

Content-Type: text/plain; charset=UTF-8



355910995206 500
300450521088 650
300450525086 650
300450550248 600
370030166732 300
350844959089 400
050844470088 300
300450271259 650
395814291240 475/425s s23-o22
370030640133 450
355910997200 400
370030658756 300
300450261250 650
351013170144 600
363824201443 500
300450547248 650
016500555292 600
351013169087 450
050844527089 300
300450262257 650
050844466081 300
300450550248 650
350844558084 400
350844502087 325
363824201443 650
370030168095 350
370030640645 235
300450581181 650

Content-Type: text/plain; charset=UTF-8



041388210216 155
070312364251 155
070312362370 100
312546621374 300
312546621411 300
041388000466 300
041388002231 155
892992002274 300
093000501141 100
093000501158 100
892992002281 300
070312364190 155
036602192102 195
312546622135 200
312546627499 185
093000501110 100
305732012155 300
036600810916 300
070312364213 200
070312365210 100
070312360499 100
036602301016 195
853236005024 275
312546629363 185
093000501134 100
036600828126 300
036600814013 125
083078003142 275
083078113148 100
083078113179 100
070312364206 200
070312365203 100
036602311954 195
036602300019 195
070312363520 100
312546623804 185
072140014216 250
305212750003 100
093000502094 105
070312365197 200
070312364190 100
070312365357 100
814832010430 155
070312362394 155
312546621596 200

Content-Type: text/plain; charset=UTF-8



041100808080 385
041100808837 385
091108104967 350
300318751121 700
300318739129 700
370030167685 300
370030640430 350
300318738122 700
300312094705 775
370030166978 250
300318736128 625
370030659388 300
715256744041 350
023513817309 800
023513809304 450
023513818306 800
023513808307 450
370030640591 900
363824008363 1200
023513807300 450
370030640461 900
370030658275 500
363824072142 1200
363824191201 1200
363824008363 500
715256702324 800
363824018669 1200
715256702348 800
300678128083 1200
370030658466 750
363824192208 1200
715256702331 800
363824014654 1200
351013171141 600
370030658442 750
363824023144 1200
363824191447 500
370030657780 375
300677918067 650
300676426068 650
715256808057 400
300678130086 650
351013168080 450
016500537694 600
715256702355 800
370030658459 750
370030658459 1200
016500562733 650
016500559429 500
016500559399 500
016500543473 475
016500537601 600
016500537618 600
730637023010 250
016500537595 475
730637022013 250
016500537649 475

Content-Type: text/plain; charset=UTF-8



Checkout candy $1
02266600
02292605
012546315098
012546008679
037466056258
077260001337
022000002785
022000013316
012546676113
012546676090
02284509
03474107
012546007146

Content-Type: text/plain; charset=UTF-8



Checkout candy 85=C2=A2
03432004
03403109
028000202033
040000422082
04043506
040000422068
04010401
03433003
010700804228
03424102
03439609
010700807229
04010508
040000503156
04014407
04003100
03424005
034000440085
028000089009
03415201
011206005003
073390014360
04025908
04016007
04005108
03424306
028000131708

Content-Type: text/plain; charset=UTF-8



Cosmetic $5
077802415011
077802414014
077802414113
041554009095
041554566499
041554543896
041554543889
022700574971
022700574988
022700472406
022700471584
022700471577
022700055333
022700055326
022700055265
022700055258
022700632305
022700632480
022700632220

Content-Type: text/plain; charset=UTF-8



Cosmetic $8
022700057207
022700057009
022700056804
041554056020
041554056037
041554055993
041554055993
041554056037
046200012405
046200012436
046200012429
046200012412

Content-Type: text/plain; charset=UTF-8



Cosmetic $5
041554451078
041554451078
041554451061

Content-Type: text/plain; charset=UTF-8



Cosmetic $3.50
041554264579
041554264548
041554264524
041554404937
041554404890

Content-Type: text/plain; charset=UTF-8



Cosmetic $4
022700062560
022700062560
022700062485

Content-Type: text/plain; charset=UTF-8



Cosmetic $4.50
041554239423
041554209327
041554532722
041554626964
022700470167
022700470242
022700470235
022700470167
022700470174
022700469765
022700469925
022700047734
022700103225
022700102990

Content-Type: text/plain; charset=UTF-8



Cosmetic $6
041554451474
077802413918
041554281484
041554281446
041554217988
041554268713
041554240337
041554217964
041554197037
041554050899
041554050905
041554409284
041554288452
041554288377
00841614
00841410
00841313
00840518
04633325
00842011
00841915
00841818
00840110
04633228
04633121
00841216
00841119
00840110
00841012
00839910
00839813
022700122196
022700122134
022700122110
022700098460
022700122868
022700442300
022700009619
022700185740
022700185665
022700185580
022700251186
022700251049
022700581030
022700581009
022700578993
022700577736

Content-Type: text/plain; charset=UTF-8



Cosmetic $7
041554009095
041554460834
041554533156
046200011880
046200012009
046200011576
022700576432
022700576418
022700580910
022700097746
022700097784
022700097777
022700580897
022700251148
022700251124
022700251131
077802583253
022700000319

Content-Type: text/plain; charset=UTF-8



Cosmetic $5
041554566499
041554451078
041554451078
041554451061

Content-Type: text/plain; charset=UTF-8



Cosmetic $1
081555737009
081555733629
077802553348
077802553614
077802551849
077802551733
077802551542
077802550415
077802550330
077802553041
077802553133
077802550132
081555734879
081555734848
081555734824
081555739225
081555736613
081555100384
081555737481
081555100322
077802435521
077802435323
077802435224
077802460318
077802460219
077802425232
077802425126

Content-Type: text/plain; charset=UTF-8



Cosmetic $2
077802415318
077802413710
731509634242
731509634235
731509634228
731509634211
731509634204
731509634198
731509634174
731509634181
731509634686
731509649901
731509649895
731509649888
731509649871
731509649864
731509649857
731509649840
731509649840
731509649741
731509649710
731509649680
731509649673
731509649826
731509649789
731509649802
731509649796
731509634662
731509649772
731509649765
731509634679
731509649901
731509649833
731509634648
731509634624
731509634259
077802529923
077802527127
077802529725
077802526014
077802519221
077802521231
077802520937
077802521330
077802520630
077802518910
077802518811
077802518613
077802518514
077802524812
077802524614
077802524515
077802524416
077802524317
077802529138
077802524119
077802519818
077802521521
077802526717
077802519221
077802524317
077802519023
077802526717
077802520937
077802518811
077802526328
077802529923
077802527028
077802527127
077802526915
077802527028
077802521330
077802529039
077802596703
077802596505
077802591432
077802591142
077802591050
077802590732
077802590640
077802590541
077802590336
077802008022
077802590121

Content-Type: text/plain; charset=UTF-8



Cosmetic $3
077802413819
077802582423
077802582324
081555733179
081555733162
081555733148
081555733063
731509656695
731509656688
731509656671
731509656664
731509656657
731509656640
731509656619
731509656572
731509656596
731509656589
731509656572
731509656565
731509656633
731509656558
731509656527
077802512604
077802512505
077802512406
077802512802
077802512703
081555765903
081555765897

Content-Type: text/plain; charset=UTF-8



Cosmetic $1
731509606119
731509606102
731509606157
731509633054
731509633054
731509606140
731509606157
731509605983
731509605990
731509606003
731509606010
731509606027
731509606034
731509605624
731509605631
731509605679
731509625080
731509625066
731509625073
731509605914
731509605907
731509605891
731509605884
731509605877
731509605860
731509605730
731509605754
731509605761
731509605778
731509633023

Content-Type: text/plain; charset=UTF-8



Candy $3
073390014049
073390014056
02231905
02231905
012546676281

Candy $1.35
872181005590
03452202
03424005
034000196067
03422900
070122110015
04043205
040000476528
034000430956
03448005
040000002635

Content-Type: text/plain; charset=UTF-8



Candy $1.35
03444009
04040509
04060309
010700807274
872181005019

Content-Type: text/plain; charset=UTF-8



Candy $2
011215317623
03409802
03466506
03433702
03400908
03400704
012546009256

Content-Type: text/plain; charset=UTF-8



Candy 65=C2=A2
073390003869
073390003876
073390003944
073390003852
073390006891

Content-Type: text/plain; charset=UTF-8



727510003641 300
022600223290 550
051009309830 190
051009309816 190
051009309786 190
841058005261 300
841058005209 300
072140817404 360
072140005740 200
047400130715 285
047400130708 285
047400653771 285
841058005575 300
841058005629 300
077443442100 100
051009002731 155
051009009648 155
051009009341 155

Content-Type: text/plain; charset=UTF-8

Sport drinks 2
100
052000320169
052000102963
052000010381
052000104073
052000102390
052000338775
052000325553
052000338768

Content-Type: text/plain; charset=UTF-8



044000032234 280 250s Oct 1
044000030124 280 250s
044000032197  280 250s
044000024567 280 250s
044000044671 280 250s

Content-Type: text/plain; charset=UTF-8

Energy drinks 200 175s oct1
Monster
070847017554
070847016205
070847012474
070847017554
070847020905
070847811169
070847021520
070847003229
070847811701
070847022909
070847811268
070847812517
070847024026
070847812807
070847812609
070847812715
Nos
815154020091

Content-Type: text/plain; charset=UTF-8

017400100773
225 200s oct22

Content-Type: text/plain; charset=UTF-8

Lunch meat
046600034281 100s
046600033864 100s
046600033840 100s

Content-Type: text/plain; charset=UTF-8

Frozen phaoto and chicken
023700032560 525
043301305818 200
013120017889 325
013120017865 300

Content-Type: text/plain; charset=UTF-8

Cleaning chemical 4
044600305486 435
022798177504 250 200s oct22
077487904732 335
019200803069 700
051700871032 400
078291310825 565
074157033709 100
019800702175 500
720547006005 200
059647510472 150
044600148427 250
044600309705 350
025700708094 335
792716000329 225
044600031910 850
025700707554 325
019200900362 250
072785115514 200
059647510427 200
025700395720 325
059647510489 200
025700713623 325
025700700791 400 350s oct22
019200025690 250
757037948101 400
071618115073 175
037000271413 350
610352001237 175
037000042495 275
610352001244 250
037000820277 350 315s oct22

Content-Type: text/plain; charset=UTF-8

Whats on sales
028400595117 295 but 2.400s
028400595070 295 but 2.400s
028400595247 295 but 2.400s
028400159388 350 but 2.400s
028400055987 350 but 2.500s

Content-Type: text/plain; charset=UTF-8

1016 Donaldson ave
Dg
Luadgry detergent 3
012005427577 475
037000946007 900
037000945994 500
037000858676 700
037000840015 1050
033200065135 800
037000849155 1050
037000849100 1050
037000849193 1550
037000849308 595
037000849377 595
037000849322 595
072613708802 250
024200098056 500
024200096472 500

Content-Type: text/plain; charset=UTF-8

Wine
085000019917 845
018341151053 1125
085000014431 1125
018341151107 1125
085000019764 395
085000019788 395
085000019795 395
018341751055 655
085000015872 375
085000019771 395
085000021637 395
085000019757 395
085000020456 655
085000014448 655
085000016688 655
082100179237 440
082100179022 440
085000007488 565

Content-Type: text/plain; charset=UTF-8

Whats on sales sept 25 - oct 1
044000000578 260 but 250s

Content-Type: text/plain; charset=UTF-8

Sales til oct1
2.100s
793396851126
793396851089
081269100021
081269476102
081269100052
081269036108
081269100038

Content-Type: text/plain; charset=UTF-8

Cleaning chemical 5 top
044600002736 375
044600306278 375
044600306193 200
044600017174 500
070922050032 100
070922050117 300
070922049982 155
856091000821 100
074157632643 100
074157032016 175
025700713814 400 350s oct22
019200837217 300
678112101795 100

Content-Type: text/plain; charset=UTF-8

022700062645 400

Content-Type: text/plain; charset=UTF-8

022700062485 400

Content-Type: text/plain; charset=UTF-8

023100117072 595 550s oct22
079100526710 950 900s oct22

Content-Type: text/plain; charset=UTF-8

876941001600/250
725821000847/395
751884952151/175
751884984381/275
751884912162/100
075436131147/215
075436131154/195
075436131130/195
064144030217/285
071287837733/100
013300547014/100
876941007350/165
652729101133/225
076924569411/165
03431209/225
043000200018/75
043000204313/95
043000204337/95
600699661447/135
054300009584/100
051500555071/175
051500763100/175
646345330978/135
646345330855/295
646345330961/295
016000374607/175
016000458307/175
016000410015/150
016000409873/150
016000409828/115
016000459007/175
016000458406/175
016000459601/175
016000409866/115
016000409811/115
644209471119/175
644209004386/175
644209471133/175
644209411801/135
644209412006/135

Content-Type: text/plain; charset=UTF-8

Cereal not sale all 195
042400237693
042400212416
042400212263
042400212393
042400212379
042400212423
791669415068

Content-Type: text/plain; charset=UTF-8

Cough and lip care
070312364206 400
070312364206 400
070312300204 100
070312362370 150

070312364206 200
070312300211 100
070312363520 100

Lip care
734418920475 250
892992002274 300
892992002281 300
305212750003 100
093000502094 100

070312366194 100
070312367351 100

Content-Type: text/plain; charset=UTF-8

Cleaning chemical shit
035000531155
035000531056
048155928732
720547730818
849607014153
076061642961
059647510458
836272010306
811435006495
076061400011
722429480071
720547730832
093973980042
678112101610
720547730801
836272001571
076061642008
093973980219

Content-Type: text/plain; charset=UTF-8

Frozen eentrees and breakfast
051000062765 335
051000065018 350
013800937742 250
013800120076 315
013800103420 425
013800558121 425
013800100672 425
013800100726 315
077900501692 340
018000447626 300
077900706158 300
077900348235 340
043695062007 300
072290113708 375
072290123004 375
027815003477 285
031000307448 175
031000184643 175

Content-Type: text/plain; charset=UTF-8

Egg
077438589087 135

Content-Type: text/plain; charset=UTF-8

Reading glasses all 800
024021790719
024021791334
031568602900
024021794199
024021790764
024021791341
031568602931
024021794656
024021790795
024021791358
031568602948
031568602962
024021791365
887661952783
024021795004
024021790825
024021791372
024021795004
887661952790
024021795332
024021790849
024021791389
031568603006
887661952806
024021795790
031568633768
024021800951
024021798777
024021800968
887661840738
024021800968
024021799002
887661840806
024021800968
024021799637
887661840820
024021800999
031568633829
024021800999
031568633775
887661840837
024021795332
887661840868
031568633843
024021801538
024021800081
887661840875

Content-Type: text/plain; charset=UTF-8

Coffee oct15
043000060650 725 550s
043000049983 735 550s

Content-Type: text/plain; charset=UTF-8



Cokes
049000055375 100
049000055399 100
049000050233 100
049000050257 100
049000067743 100
049000050264 100
049000050271 100
078000082395 100
078000003376 125
078000116465 125
078000113464 125
078000003376 125
042200027470 100
042200027449 100
042200027654 100
042200027661 100
078000206463 100
078000013368 100
012000150050 100
012000030987 100
012000105425 100
012000140945 100
012000140921 100
049000050103 165
049000050141 165
049000050110 165
049000050158 165
049000050172 165
078000082463 165
078000098464 165
078000000344 125
078000052466 3.300s
078000152463 3.300 s
071817000217 125
042200027456 100
042200027463 100
01274600 160
01231100 160
01223004 160
049000050103 165
049000050110 165
049000050158 165
078000082463 165
078000098464 165
078000083460 165
042200027029 085
042200027241 085
042200027265 085
042200027036 085
01223305 160
01223101 160
01223004 160

Content-Type: text/plain; charset=UTF-8



Drinks soft
012000016431 150
611269263732 675
070847811176 650
20001421 150
012000126352 150
818094003926 150
818094004176 150
818094003001 150
818094000017 150
070847812517 200
070847024026 200
070847812807 200
012000044960 276
012000044953 275
012000038488 275
012000028496 275
012000028458 275
070847812609 200
070847812715 200
012000151095 275
012000044786 275
012000044779 275
012000016721 275
012000813313 275
012000151095 275
611269101713 200
611269991000 200
09002180 255
611269818994 255
611269546019 350
611269133448 450
049000036879 175
080793804788 200
815154020008 200
611269113570 255
611269206449 255
611269182460 255
611269206432 255
070847016205 200
070847012474 200
070847017554 200
070847020905 200
070847811169 200
070847021520 200
070847003229 200
070847012764 200
070847022909 200
070847811268 200
070847811244 300

Content-Type: text/plain; charset=UTF-8



Drinks soft
012000012761 550
012000012792 550
012000112249 550
012000012709 550
012000024542 300
012000024535 300
012000031878 100
012000034039 100
049000067934 150
083900005757 150
076183163641 100
076183163726 100
076183163634 100
012000112232 140
012000012754 140
012000286223 185
012000286209 185
012000286179 185
012000286193 185
613008715267 085
613008720209 085
613008735418 085
613008718763 085
613008719302 085
613008717711 085

Content-Type: text/plain; charset=UTF-8



Sports drink
052000128567 260
052000128574 260
052000010541 260
052000204087 350
052000103939 350
052000204094 350
052000104066 100
052000010381 100
052000338751 100
052000010350 100
052000102390 100
052000338768 100
052000325553 100
052000104073 100
052000320169 100
052000339055 100
052000338775 100
049000059892 095
049000054569 095
049000064186 095
049000045758 095
049000045741 095

Content-Type: text/plain; charset=UTF-8



Laundry
037000891314 950
037000891307 950
037000230243 950
037000891291 695
037000891253 695
037000240303 995
037000891178 400
037000914402 400
037000240280 400
033200000778 800
033200000532 800
033200000730 800
033200973324 800
033200093343 500
033200093305 500
033200973324 500
033200095538 500

Content-Type: text/plain; charset=UTF-8



Tums stomach medicine
368163103236 200
307667380002 450
370030640102 200
307667390001 450
370030659678 400
364613045620 250
8740041022341 225
016500040118 350
016500044048 450
370030658770 200
819903010289 650
370030659647 375
370030167234 200
307660746508 335
370030167173 200
307667390001 335
368163102543 200
370030640423 200
307667250008 450
368163115291 275
368163102994 275

Content-Type: text/plain; charset=UTF-8



Stomach medicine
359726122313 200
681421029056 575
359726190299 200
681421020022 575
681421020145 250
350844327628 200
359726050265 250
681421022026 575
359726072007 575
359726286046 350
359726288125 350
042037106911 250
359726530200 250
301320002065 300
301320002119 400
359726550734 375
370030167333 225
300430134109 275
300430117188 450
819903010371 650
359726212304 700
312843534308 1350
307667760545 1000
307667849141 1000
370030659524 900
300450212122 600
300450295095 350
370030658152 350
300450134042 565
041167400029 485
041167400289 325
359726620093 175
831248001975 435

Content-Type: text/plain; charset=UTF-8



Drinks soft
012000016431 150
611269263732 675
070847811176 650
20001421 150
012000126352 150
818094003926 150
818094004176 150
818094003001 150
818094000017 150
070847812517 200
070847024026 200
070847812807 200
012000044960 276
012000044953 275
012000038488 275
012000028496 275
012000028458 275
070847812609 200
070847812715 200
012000151095 275
012000044786 275
012000044779 275
012000016721 275
012000813313 275
012000151095 275
611269101713 200
611269991000 200
09002180 255
611269818994 255
611269546019 350
611269133448 450
049000036879 175
080793804788 200
815154020008 200
611269113570 255
611269206449 255
611269182460 255
611269206432 255
070847016205 200
070847012474 200
070847017554 200
070847020905 200
070847811169 200
070847021520 200
070847003229 200
070847012764 200
070847022909 200
070847811268 200
070847811244 300

Content-Type: text/plain; charset=UTF-8



Drinks soft
012000012761 550
012000012792 550
012000112249 550
012000012709 550
012000024542 300
012000024535 300
012000031878 100
012000034039 100
049000067934 150
083900005757 150
076183163641 100
076183163726 100
076183163634 100
012000112232 140
012000012754 140
012000286223 185
012000286209 185
012000286179 185
012000286193 185
613008715267 085
613008720209 085
613008735418 085
613008718763 085
613008719302 085
613008717711 085

Content-Type: text/plain; charset=UTF-8



Cokes
049000055375 100
049000055399 100
049000050233 100
049000050257 100
049000067743 100
049000050264 100
049000050271 100
078000082395 100
078000003376 125
078000116465 125
078000113464 125
078000003376 125
042200027470 100
042200027449 100
042200027654 100
042200027661 100
078000206463 100
078000013368 100
012000150050 100
012000030987 100
012000105425 100
012000140945 100
012000140921 100
049000050103 165
049000050141 165
049000050110 165
049000050158 165
049000050172 165
078000082463 165
078000098464 165
078000000344 125
078000052466 3.300s
078000152463 3.300 s
071817000217 125
042200027456 100
042200027463 100
01274600 160
01231100 160
01223004 160
049000050103 165
049000050110 165
049000050158 165
078000082463 165
078000098464 165
078000083460 165
042200027029 085
042200027241 085
042200027265 085
042200027036 085
01223305 160
01223101 160
01223004 160

Content-Type: text/plain; charset=UTF-8



Sports drink
052000128567 260
052000128574 260
052000010541 260
052000204087 350
052000103939 350
052000204094 350
052000104066 100
052000010381 100
052000338751 100
052000010350 100
052000102390 100
052000338768 100
052000325553 100
052000104073 100
052000320169 100
052000339055 100
052000338775 100
049000059892 095
049000054569 095
049000064186 095
049000045758 095
049000045741 095

Content-Type: text/plain; charset=UTF-8

Hair care  dye
Ugly dg stop at four dollars nicen easy
603084242528 700
603084027378 700
603084244386 700
603084242641 700
603084242597 700
381519006920 1000
381519900020 700
381519900068 700
381519900051 700
381519900075 700
381519000256 700

603084242658 700
603084242665 700
603084242672 700
603084245239 700
603084244577 700
603084242702 700
381519000195 700
381519000270 700
381519000317 700
381519000317 700
381519000355 700

603084244140 700
603084055920 700
603084242726 700
603084242627 700
603084055937 700
071249210741 800
071249210697 800
071249210642 800
071249210598 800
071249210574 800
071249210550 800
071249210529 800
071249210826 800

Content-Type: text/plain; charset=UTF-8



Salty snacks
028400596695 295
028400596688 295
028400589895 295
028400590020 295
028400595094 295
028400238243 695
028400002882 695
028400002899 695
028400071031 300
028400055987 300
028400240185 325
028400240192 325
028400083591 295
028400047685 295
028400371858 325
028400190794 200
028400190800 200
028400595834 200
028400426008 200
028400002295 200

Content-Type: text/plain; charset=UTF-8



Salty snacks
026200471808 200
037578617811 100
038000844973 150
037578617156 100
038000845024 150
038000160417 150
038000844980 150
016000451278 100
016000451285 100
038000844997 150
037578616630 100
038000845093 150
038000844966 150
038000852329 150
038000850325 150
038000845048 150
037578616647 100
038000845017 150
038000845130 150

Content-Type: text/plain; charset=UTF-8



Salty snacks
028400084048 295
028400084055 295
028400580281 295
028400116886 295
028400019378 295
028400009850 295
028400070959 350
028400071031 350
028400586573 350
028400589284 295
028400589321 295
028400589291 295
028400589277 295
028400595070 295
028400000789 250
028400595117 295

Content-Type: text/plain; charset=UTF-8



Bleach
044600307701 395
059647510618 425
044600307763 425
044600307626 250
059647510540 295
059647510618 295
044600307831 250
044600307695 225
059647510731 295
059647510748 295
059647510762 185
059647510557 185
059647510564 185
059647510533 295
059647510526 185
059647510632 230

Content-Type: text/plain; charset=utf-8



Pots
635928024595 1000
635928071506 1600
635928028104 650
635928027121 650
635928010925 750

Content-Type: text/plain; charset=utf-8



Dish cleaner
037000172208 375
037000236856 200
037000827894 100
037000959434 300
037000222750 200
035000491107 495
035000446732 200
035000467928 300
035000462855 200
037000220947 595
037000846529 265
03744903 135
037000217374 100
035000498625 300
035000446749 200
035000498601 300
035000446671 100
035000461575 495
035000467911 300
037000149590 595
037000837800 375
03744806 135
037000914587 500
037000861799 200
035000464125 100
035000462985 100
035000464132 100
037000110453 800
037000110453 595
037000823131 300
037000861768 200
03725306 100
037000916611 200
037000878094 375
037000965633 200
03744505 135
037000967460 375
037000965534 200
037000971672 375
037000965558 200
072785112506 190
037000846499 265
037000846475 275
037000846246 275
037000846598 275
037000255741 285

Content-Type: text/plain; charset=UTF-8



Bleach
044600307701 395
059647510618 425
044600307763 425
044600307626 250
059647510540 295
059647510618 295
044600307831 250
044600307695 225
059647510731 295
059647510748 295
059647510762 185
059647510557 185
059647510564 185
059647510533 295
059647510526 185
059647510632 230

Content-Type: text/plain; charset=UTF-8

Suncare
727510006239 800
727510003337 600
727510006192 500
727510003368 500
04156118 upc e 350
727510006185 250
727510001395 500
086800872733 800

Content-Type: text/plain; charset=UTF-8

2 liters soft drinks
160 125s oct1
01274600
01223305
01231100
012000018817
01223004

Content-Type: text/plain; charset=UTF-8

Last dog treat
All this is 125
023100015705
023100015095
023100010182
023100010069

079100503018 2.100

Content-Type: text/plain; charset=UTF-8

1016 Donaldson ave
Dg
Fabric softener
610352073036 295
037000355106 375
037000841753 395s
037000106319 695
037000834656 450
037000952749 450
037000357629 450
037000393009 450
037000949466 400s
037000841531 400s
024200089993 395s
024200089962 395s
024200095666 395s
072613460908 450
072613459896 450
072613459940 450
037000319719 500
093973730128 185
037000197447 509
093973797732 200

Content-Type: text/plain; charset=UTF-8

Hair appreciate
074108087096 2000
074108172563 1500
074108320827 1800
074108268082 800
074108081230 1000
074108075154 700
074108075154 1000
074108221254 1500

Content-Type: text/plain; charset=UTF-8

Coffee oct15
043000051337 695 500s
043000045510 695 500s
028000466312 595 495s

Content-Type: text/plain; charset=UTF-8

Reading glasses things
This 600
887661097026
887661097033
024021798050

031568873041 200

Content-Type: text/plain; charset=UTF-8

Salty snacks
732494001705 100
038459995127 150
016000287914 230
016000158405 200s
016000159907 225
041633110094 100
041633110032 100
041419420065 200
041419420058 200

Content-Type: text/plain; charset=UTF-8

Clearance dg
810105006346 100
072867004644 450
642828206099 225
075353031032 333
075353340165 335
037000901204 281
074804020311 450
019200895439 225
019200823517 300
430000010875 700
702992844975 500
067153945961 295
02242036 150
073287371170 150
067153946715 295
071463061730 450
046500731792 270
067153946753 205

Content-Type: text/plain; charset=UTF-8

Pet shit
075182056213 250
4895153312942 295
1054294988017 100
053883983106 400
053883983304 1050
815763011084 400
815763001207 750
8902971166582 200
053883982123 300
053883002609 150
1055804982822 150
053883982208 100
070187567436 500
070187567443 500
070187567429 500
026851123798 285
026851124092 300

Content-Type: text/plain; charset=UTF-8





022700632565 628

Content-Type: text/plain; charset=UTF-8

Bath paper oct22
037000966043 500 495s

Content-Type: text/plain; charset=UTF-8

Dish detergent 2
035000478054 250
077487904978 300
037000401483 325
077487521663 300
037000340355 400
077487904848 250
051700369300 400
051700927876 375
077487916438 500
037000932123 1000
037000965299 1000
077487909065 200
037000863175 600
037000417583 350
037000880806 600
037000932109 350
037000960294 600
037000844679 350
035000462985 100
035000446749 200
035000446671 100
035000461575 495
035000491107 495
035000467928 300
035000462855 200

Content-Type: text/plain; charset=UTF-8

Beer
034100573409 1495
018200150470 855
018200967214 1475
018200532184 1820
012200710474 1125
018200530470 1125
018200069918 1330
034100575090 1080
071990300692 1080
072311230124 1630
018200007712 1125
018200007699 1125
018200059902 1330
034100016418 315
018200219856 660
018200219863 660
018200209987 1000

Content-Type: text/plain; charset=UTF-8

Bath paper oct15 600 2.900s
036000457162
036000454741

Content-Type: text/plain; charset=UTF-8

Personal appreciate
074108277039 1500
074108268242 1400
074108309204 1000

Content-Type: text/plain; charset=UTF-8

Laundry addition
046500022746 500
046500822513 295
062338002309 275

033200030201 395 375s oct22

023400002016 395
044600017006 300
635672999804 395
077487521717 400
757037515235 775
757037513132 400
757037516935 300
075363116781 100
037000209690 795

Content-Type: text/plain; charset=UTF-8

Cat liter
070230153661 1295
044600314624 995
033200972983 600
033200150206 575
772924504093 395
096689604493 585
070230153470 945
033200021285 850
772924504086 575
070230171528 230
033200972983 945
070230171092 795

Content-Type: text/plain; charset=UTF-8

Lighters
070330642249 135
070257102512 130
830961003815 200
816041004903 180

Content-Type: text/plain; charset=UTF-8

Inconvenience
036000125351 1895
036000125375 1895
090891004522 1595
090891004515 1595
036000385342 1225
036000385335 1225
090891200801 950
036000385328 1225
090891204038 950
036000385311 1225
037000887577 1200
036000385304 1225
090891204014 950
090891204052 500
090891204045 500

Content-Type: text/plain; charset=UTF-8

1016 Donaldson ave
Dg
Luadgry detergent 2
012005427584 250
094514412510 800
012005404653 250
094514428702 350s
094514428726 350s
094514414217 350s
094514414224 350s
094514428351 275
094514419670 275

Content-Type: text/plain; charset=UTF-8



037000357629
037000393009
037000900993
037000823049
037000956266
037000922612
037000887393
037000855224
024200089993
024200089962
024200095666
037000952848
072613451081
037000823551
037000823865
742678100575

Content-Type: text/plain; charset=UTF-8

Cookies oct15 b1g50%
086106032039 100
020200005995 100
086106031001 100
086106031032 100
086106031018 100
020200025504 155
020200029762 155
020200129783 180
020200029700 155
020200130048 180
020200029748 155
020200130031 155
076983371963 155

Content-Type: text/plain; charset=UTF-8

350
041554264579
041554264562
041554424577
041554293197
041554404937
041554404890

Content-Type: text/plain; charset=UTF-8

In regf juices
041900080105 560
041900080112 295
048500301029 400

Content-Type: text/plain; charset=UTF-8

Not for sale cereal all 265
884912111715

Content-Type: text/plain; charset=UTF-8

Personal appreciate
074108261250 1000
074108221254 1800
074108172563 1500
074108087096 1000
074108081230 1000
074108268082 800
074108075154 700
074108309518 1000
074108288585 1500

Content-Type: text/plain; charset=UTF-8

037000357629 450 400s oct22
037000393009 450 400s oct22
037000900993 500 450s oct1
037000823049 500 450s oct1
037000956266 500 450s oct1
037000922612 500 450s oct1
037000887393 500 450s oct1
037000855224 500 450s oct1
024200089993 400 350s oct22
024200089962 400 350s oct22
024200095666 400 350s oct22
037000952848 500 450s oct1
072613451081 200 175s oct1
037000823551 500 450s oct1
037000823865 500 450s oct1
742678100575 375 350s oct22
011120004113 375 350s oct22

Content-Type: text/plain; charset=UTF-8

Lip care
093000501158 100
093000501110 100
041388000466 300
041388210216 150
041388220550 150
041388002231 150
041388002620 150
310310384012 300
093000502148 185
036600833311 175
036600814013 125
093000501127 100
036600828126 300
036600810916 300
305731961102 275
083078003142 275
083078113148 100
083078003173 275
083078113179 100
072140014216 250

Content-Type: text/plain; charset=UTF-8



037000222057 

Content-Type: text/plain; charset=UTF-8

041358501238 200 175s til oct22
054100338518 225 200s til nov 19
027000441930 125 075s til oct1
037600215831 200 200s til oct22
037600223188 175 150s til oct22
037600293389 185 150s til oct22
075069002005 325 275s til oct1

Content-Type: text/plain; charset=UTF-8

Chemical cleaning Oct 15
019200752176 200 195s

Content-Type: text/plain; charset=UTF-8

Frozen meat
070800941469 450
070800041466 450
027815300569 225
046600550057 350
046600550033 350
046600350053 350
027815300507 325
704051701038 450
050100006037 275
027815001237 250
888313914999 450

Content-Type: text/plain; charset=UTF-8

038000318290 300 185s oct1
038000734496 300 185s oct1
038000391033 300 185s oct1
038000862304 300 185s oct1
038000391187 300 185s oct1
016000275164 300 185s oct1
038000596445 275 185s oct1

Content-Type: text/plain; charset=UTF-8

Kibry by walmart
In dg
Bath
816559011974 350
816559011608 165
011111600690 400
011111323971 225
011111323957 200s
037000803515 325
041840001062 100
041840000027 100
815890014347 400
811068010067 500
077443125102 250
381370030218 300
077443125133 250
301875458089 275
079400048882 200
735303280032 100
692237100518 200
735303290376 200
077443569326 200
072785114074 200
815890014309 300
072785114814 250
072785113978 250
072785113985 250
012125114821 250
072785114074 250
017000092157 300
072785114913 250
017000092126 300
072785115026 200
072785115033 200
072785115040 200
072785115019 200
072785114999 175
072785115002 175
017000029344 195
017000030166 195
072785114845 100
074182292638 100
074182269135 100
072785114869 100
017000131382 100
017000026701 125
017000027951 125
072785114838 100
017000091532 125
017000109022 125
017000026602 125
072785114852 100
074182262860 100
072785115620 100
074182292553 100
074182262426 350
072785018822 400
072785107816 150
072785107663 150
073852025859 250s
073852033717 125s

Content-Type: text/plain; charset=UTF-8

Brooms shit 1
011171209789 700
011171269653 1600
011171241222 395
011171548574 135
082269420102 300
051596321352 300
051596321376 200
011171265013 275

Content-Type: text/plain; charset=UTF-8



Cookies
086106002193 150
086106012697 150
086106003657 130
086106013984 150
086106003978 135
076983400427 200
044000033255 400
033079150963 100
030100112846 200
030100100379 255
030100100447 255
044000033385 400
044000033279 400
030100033196 255
030100058014 255
030100203636 255
030100540946 255
030100100263 255
044000024567 280
044000033941 280
044000028541 300
020200025504 155
020200029762 155
020200189183 180
044000032197 280
044000044671 280
044000032029 250s
020200029700 155
020200029724 155
020200130048 180
044000032210 280
044000046316 385
044000042578 250s
669731210210 195
020200029748 155
020200130031 155
020200129776 180
044000032234 280
044000029913 280
04469900 385
044000044541 250s
076983371963 155
044000027346 335
819898019908 180
020200027027 180
020200170068 180
020200170044 180
020200170112 175
020200170105 175
044000025403 300

Content-Type: text/plain; charset=UTF-8

1016 Donaldson ave
Dg
Luadgry detergent
072613708062 500
024200050160 675s
072613710744 500
024200096687 675s
072613710751 500
024200096748 395s
024200060947 450
072613463497 500
024200092061 450
024200097875 450
094514428689 500
072613463671 345s
072613461578 800
094514410530 200
072613458301 345s
072613461608 345s
072613461554 345s

Content-Type: text/plain; charset=UTF-8

6923917200117
250 2.400s til oct22

Content-Type: text/plain; charset=UTF-8

Cheese
071505014366 125
021000611447 296
071505011211 300
021000604647 395
021000612239 295
071505009706 275
071505009720 275
021000054572 295
071505005319 275
071505005333 275
071505005326 275
071505008044 275
071505009737 275
071505005340 275
071505005364 275
071505005357 275

Content-Type: text/plain; charset=UTF-8

Jerky
853370006321 450
853370006338 450
070411606030 385
070411603855 385
047500016247 300
047500016230 300
047500016223 300
017082877635 475
017082876287 475

Content-Type: text/plain; charset=UTF-8

Pet food 2
070155142191 650
070155142238 250
829274513753 450
079100581221 395
079100514175 395
050000015474 455
070155142153 100
017800034067 135
050000961610 100
070155142184 195

Content-Type: text/plain; charset=UTF-8

Sports drink 3
200
052000128567
052000010541
052000128574

Content-Type: text/plain; charset=UTF-8

Popcorn
041667022684 250
044900505012 100
041667022646 375
027000490174 300
027000490167 100

Content-Type: text/plain; charset=UTF-8

Luadry detergent
094514428351 275
094514419670 275
094514410530 200
072613458301 500
072613463671 500
072613461608 500
094514428689 500
094514428597 500
094514414200 500
072613461622 800
072613461578 800
072613461554 500
033200000730 800
072613463497 500
072613710751 500
094514428719 395 s
024200097875 395 s
072613708062 500
094514428696 500
024200092061 450
072613710744 500
094514416044 500
024200050160 675 s
024200096687 675 s
037000891291 595 s
037000891253 595 s
072613705566 800
094514000014 995
094514412503 800
094514412510 800
024200092689 700
037000891314 950
037000891307 950
037000230243 895

Content-Type: text/plain; charset=UTF-8

Laundry detergent all now 500
094514414200
094514428689
094514428597
094514416044
094514414217

Content-Type: text/plain; charset=UTF-8

814840011665 100 095s oct22
814840011672 100 095s oct22
075919001806 360 300s oct22

Content-Type: text/plain; charset=UTF-8

1016 Donaldson ave
DG
fabric softener
072613451784 485
035000393722 700
035000393715 700
037000425397 295s
037000898504 400s
072613451692 300
035000390134 300
035000390134 300
072613460946 450
072613451852 450
035000390158 300
035000391315 225
037000952848 500
072613451081 200
610352011618 100
610352011564 100
610352011571 280
037000304203 795
037000823551 500
037000823865 500
610352011557 280
610352011540 100
037000432272 500
037000823650 200
037000971931 350
037000823322 200
017500207228 120
610352011588 100
037000291930 295s
037000949473 295s
037000823704 200
035000391643 175

Content-Type: text/plain; charset=UTF-8



Ugly dg
Vitiams below blue rows only two rows
301220453356 600
301220742597 700
301220156363 300
301220017824 450
301220742580 300
301220193771 600
301220862455 600
301220199421 200
301220011402 350
301220293433 350
301220011594 250
301220037945 900
301220293419 900
301220140164 500
301220742511 200
301220452120 350
301220038812 700
301220293402 450
301220051606 450
301220293396 300
301220293426 300
301220518840 500
301220134286 500
301220467339 200
301220014182 450
301220293365 375
301220293358 350
011020657617 300
301220193771 800
301220038645 500
301220126106 350
301220742566 350
301220006507 300
301220026123 450

Content-Type: text/plain; charset=UTF-8

Ugly dg
Vitiams below blue rows only two rows
301220453356 600
301220742597 700
301220156363 300
301220017824 450
301220742580 300
301220193771 600
301220862455 600
301220199421 200
301220011402 350
301220293433 350
301220011594 250
301220037945 900
301220293419 900
301220140164 500
301220742511 200
301220452120 350
301220038812 700
301220293402 450
301220051606 450
301220293396 300
301220293426 300
301220518840 500
301220134286 500
301220467339 200
301220014182 450
301220293365 375
301220293358 350
011020657617 300
301220193771 800
301220038645 500
301220126106 350
301220742566 350
301220006507 300
301220026123 450

Content-Type: text/plain; charset=UTF-8

Ugly dg
Last two bottom row for vitiams
301220020640 300
301220452533 500
301220065498 300
301220657594 500
301220293495 225
301220293556 600
301220180764 350
301220293372 500
301220293457 450
301220194914 700
301220657600 350
301220157469 500
301220505307 450
301220055383 200

301220049023 500
301220455237 250
301220293587 450
301220413831 450
301220657624 700
301220041713 500
301220531818 600
301220657570 900
301220742528 600
301220045759 600
301220595940 250
301220742542 200
301220014519 550
301220293549 600
301220131193 700
301220293532 600
301220453356 350

Content-Type: text/plain; charset=UTF-8

016000106109/250
070233125009/175
070070101372/100
070233125016/185
016000420403/355
049200045701/350
075933215241/200
722776210024/400
071024392020/165
071024192026/165
071024433020/160
075933220931/100
044800001027/200
075933220948/100
053351900574/100
812130020182/275
075933220955/100
722776200018/240
886490291216/110
072486002205/2.100s
041449601236/235
079851344243/200
079851314246/2.100s
033200011101/75
079851314345/100
041617007402/125
041550010057/195

Content-Type: text/plain; charset=UTF-8



Pasta quick meal
043000285558 195
016000274891 150
055049003543 100
016000274891 150
079851434371 125
029700001148 185
016000461475 100
016000461444 100
016000461482 100
015300200036 100
015300200012 100
015300430235 100
041000022685 125
041000022630 125
041000022708 125
041000022463 125
041000022531 125
041000022555 125
041000022869 125
041000022517 125
016000414204 150
016000402126 150
016000509405 200
016000503304 200
016000416284 150
016000263130 150
016000417519 150
021000034055 225
016000169203 200
071100211634 225
050100142261 300

Content-Type: text/plain; charset=UTF-8

Milk and a orange juice 1
048500017753 175
041900076450 100
041900076412 275
041900076634 275
041900076382 300

Content-Type: text/plain; charset=UTF-8

995 795s oct1
037000979319
037000158158
037000224051

Content-Type: text/plain; charset=UTF-8

019014610860
019014700110
595 550s oct22

Content-Type: text/plain; charset=UTF-8

Home test
094606754320 360
094606810002 800
328785509113 900
845717773591 600
845717090001 300
845717773300 1000

Content-Type: text/plain; charset=UTF-8

1016 Donaldson ave
Dg
First aid
072785100480 100
072785100473 195
072785109544 275
811068010494 500
072785107793 300
079068004039 065
072785104037 150
072785111103 125
072785104020 150
079068005319 100
072785107397 195
079068005326 100
017276226133 200
017276227116 200
017276225945 200
727510003658 450
072785105515 375
079068007122 175
072785113251 225
072785113268 225
888277367275 550
888277367268 175
381370079286 350
036000322064 400
017276227178 450
017276227109 250
884389121910 350
080196314860 200
884389120166 325
889476412025 325s
889476412186 100
889476413183 100
375137703354 400
780707391129 400
780707391143 100
041167008416 565
041167008324 175
845717007573 250
346581110203 450
346581750010 200
305733013014 275
033552011101 200
727510005041 450
727510004457 400
041167171028 500
067742322005 250
041167008850 350
048155921214 200
310742019735 100
310742098426 100
039278322019 100
041167040409 375
838891010293 100
074300005355 485
074300005393 445
038488707456 200
041167057018 250
041167058220 450
041167060032 375
038488538883 475
312547171670 450
072785103177 250
727510004440 350
370030657698 350
041167426692 275
079068007160 150
072785103160 300
083926860002 350
041388001517 475
034197013246 350
780707005675 375
034197008662 375
311017410318 675
083926243003 850s
370030659111 850

Content-Type: text/plain; charset=UTF-8

Reading glasses supplies
031568873034 200
031568873898 200
031568873324 300

Content-Type: text/plain; charset=UTF-8

Chemical cleaning Oct 15 450 400s
044600016733

Content-Type: text/plain; charset=UTF-8

1016 Donaldson ave
Dg
037000286042 595
037000224068 500
072613463794 400
072613462797 500 but now 345s
037000956150 495
037000867500 495

Content-Type: text/plain; charset=UTF-8

Fresher
Dg street be on ugly one
037000939962 500
037000320081 500
037000227144 325
893484000341 200
893484000310 200
814840011344 175
814840011375 175
893484000938 175
814840010125 300
814840010118 300
814840010149 300
814840011320 500
814840010989 500
814840011290 275
062338911120 500
062338911106 500
062338955568 500
062338804200 500
062338784731 500
062338939476 300
062338851778 500
062338880907 650
062338851754 500
062338897332 300
062338822914 500
062338857237 300
062338780467 150
019200741866 450
019200028455 450
037000198079 355
037000946137 355

Content-Type: text/plain; charset=UTF-8

Sport drinks 4
360
052000103939
052000204087
052000204094

Content-Type: text/plain; charset=UTF-8

024500334830 100
842424000323 100
024500335240 230
675690501443 300
024500335493 230
070330916104 325
675690501559 515
070330714960 350
842424002525 300
024500334823 100
842424000262 200
024500335233 230
024500437777 200
070330724556 500
024500437319 360
070330714175 600
842424002266 275 250s oct22
842424001108 400
024500192423 360
841058020677 395
842424000293 100
070330724860 285
024500060494 365

Content-Type: text/plain; charset=UTF-8

Reading glasses all 1000
031568603013
031568603037
031568603105
031568603112
031568603211
887661841124
887661841131
887661841148
887661841155
887661841162
887661841179

Content-Type: text/plain; charset=UTF-8

016000106109 250 200s oct22

Content-Type: text/plain; charset=UTF-8



Cookies
072320180014 100
072320110110 100
086106032008 100
086106032015 100
086106032022 100
086106032039 100
033079140957 100
020200005995 100
014272122919 100
086106031001 100
086106031032 100
086106031025 100
086106031018 100
5902379764857 100
5902379743838 100
5902379841343 100
2948479515831 100
5902379511833 100
020200150046 100
020200150015 100
020200150008 100
020200150039 100
020200150053 100
042456051144 100
745527114303 100
745527114501 100
745527114853 100

Content-Type: text/plain; charset=UTF-8

Whats on sales
052000204094 350 but 2.600s tho oct1
052000204087 350 but 2.600s tho oct1
052000103939 350 but 2.600s tho oct1
043000057261 350 but 2.600s tho oct1
043000046579 795 but 745s tho dec11
043000045510 795 but 745s tho dec11
028000593933 695 but 500s tho oct1
028000466312 595 but 495s tho oct22
043000063842 595 but 495s tho oct22
043000029220 395 but 375s tho dec11
025500000343 395 but 375s tho dec11
025500003665 695 but 500s tho oct1
881334003024 800 but 500s tho oct1
881334003000 800 but 500s tho oct1
881334002980 800 but 500s tho oct1
047900303190 225 but 2.300s tho oct1

Content-Type: text/plain; charset=UTF-8

Pet food 1
829274505598 925
017800146395 850
851599000397 450
017800150187 495
050000960729 455
050000100347 455
017800150149 495
023100100883 350
071190050656 325s
070155142177 295
017800150200 495

Content-Type: text/plain; charset=UTF-8

500 450s oct22
072613708062
072613710744
072613710751
072613463497

Content-Type: text/plain; charset=UTF-8

Cat b brooms and mops 2
011171269653 1600
011171568732 350
011171265013 275
011111468696 595
011171269660 450
011171269646 400
011171568756 350
011171567650 350

Content-Type: text/plain; charset=UTF-8

Dog food 4
070155142849 295
070155142740 350
011132000400 395
079100520749 450
038100137364 335
070155142078 350
079100518586 275

Content-Type: text/plain; charset=UTF-8

Peanut butter oct22
045300000503 375 350s

Content-Type: text/plain; charset=UTF-8

Frozen lunch all 135
046600034281
046600033864
046600034274

Content-Type: text/plain; charset=UTF-8

Laundry oct 15 450 350s
024200096748
024200060947

Content-Type: text/plain; charset=UTF-8

Gain laundry's oct15 450 395s
037000841531

Content-Type: text/plain; charset=UTF-8

Other comstic all 200
081555733025
081555732844
081555732820
081555732813
081555732646
081555733933
081555732639
081555734411
081555731427
081555731410
081555732745
731509571196
731509587203
731509587180
731509571127
081555731168
081555733209
081555733193

Content-Type: text/plain; charset=UTF-8

150 3.300s til oct1
051000216700
051000224668
051000224736
051000187673
051000224729
051000231529

Content-Type: text/plain; charset=UTF-8

028000825553 275 250s oct1

Content-Type: text/plain; charset=UTF-8

Frozen meat
027815411081 425
027815308114 365
027815003446 365
027815003200 365
027815004375 350
046600009760 350
046600220288 325
046600220295 325

Content-Type: text/plain; charset=UTF-8

Cat treat 3 all 060
050000960163
050000423347
050000577972
050000577989
050000170180
050000225224
050000423149

Content-Type: text/plain; charset=UTF-8

072105011885
350 295s oct1

Content-Type: text/plain; charset=UTF-8

Shaving grooms
012044010693 650
047400188082 250
02225427 325
072785034235 175
827755070139 325
051009009501 175
011509211323 325
043917553856 800
043917564081 800
011509040138 500
011509040121 500
011509040114 500
011509040107 500

Content-Type: text/plain; charset=UTF-8

Last cat treat
050000427543 100
072562054456 080
829274006224 600
079100112357 475

023100279909 065
015200300294 450
050000579631 650
050000295074 650
079100217045 485

Content-Type: text/plain; charset=UTF-8

886449508105
350 300s oct22

Content-Type: text/plain; charset=UTF-8

Shit for Swiffer
400016089912 550
400045332126 275
037000405092 450
430000449217 295
430000488216 295
400003063475 455
037000827276 1000
037000827177 1000
037000830603 1000
037000817888 700
037000236825 565
037000827283 1000
037000830528 800
430000436460 295
037000830580 450
037000827290 1000
037000236801 565
037000836193 350
037000186236 350
037000158455 450
037000318217 300
037000339038 850
037000236825 565
037000830610 565

Content-Type: text/plain; charset=UTF-8

haircare
022400393667 400
022400393636 400
022400393728 400
022400393759 400
603084260225 300
603084026852 300
603084260201 375
603084463350 300
603084463336 300
603084411801 300
603084433926 300
603084433919 300
603084427390 325s
603084266173 375
603084294923 300
603084294916 300
603084215119 300
603084215102 300
603084463183 300
603084463169 300
603084260140 325s
603084001200 325s
603084294916 300
012044040492 400
012044041727 400
037000520252 500
037000571780 500
037000877691 500
037000012146 750
037000061991 500
037000062035 500
037000011989 750
 

022400393667 400
022400393636 400
022400393728 400
022400393759 400
603084260225 300
603084026852 300
603084260201 375
603084463350 300
603084463336 300
603084411801 300
603084433926 300
603084433919 300
603084427390 325s
603084266173 375
603084294923 300
603084294916 300
603084215119 300
603084215102 300
603084463183 300
603084463169 300
603084260140 325s
603084001200 325s
603084294916 300
012044040492 400
012044041727 400
037000520252 500
037000571780 500
037000877691 500
037000012146 750
037000061991 500
037000062035 500
037000011989 750
 
 

022400393667
022400393636
022400393728
022400393759
603084260225
603084026852
603084260201
603084463350
603084463336
603084411801
603084433926
603084433919
603084427390
603084266173
603084294923
603084294916
603084215119
603084215102
603084463183
603084463169
603084260140
603084001200
603084294916
012044040492
012044041727
037000520252
037000571780
037000877691
037000012146
037000061991
037000062035
037000011989


   

   
Content-Type: text/plain; charset=UTF-8

022400393667 400
022400393636 400
022400393728 400
022400393759 400
603084260225 300
603084026852 300
603084260201 375
603084463350 300
603084463336 300
603084411801 300
603084433926 300
603084433919 300
603084427390 325s
603084266173 375
603084294923 300
603084294916 300
603084215119 300
603084215102 300
603084463183 300
603084463169 300
603084260140 325s
603084001200 325s
603084294916 300
012044040492 400
012044041727 400
037000520252 500
037000571780 500
037000877691 500
037000012146 750
037000061991 500
037000062035 500
037000011989 750
 

022400393667
022400393636
022400393728
022400393759
603084260225
603084026852
603084260201
603084463350
603084463336
603084411801
603084433926
603084433919
603084427390
603084266173
603084294923
603084294916
603084215119
603084215102
603084463183
603084463169
603084260140
603084001200
603084294916
012044040492
012044041727
037000520252
037000571780
037000877691
037000012146
037000061991
037000062035
037000011989


   
Content-Type: text/plain; charset=UTF-8

022400393667
022400393636
022400393728
022400393759
603084260225
603084026852
603084260201
603084463350
603084463336
603084411801
603084433926
603084433919
603084427390
603084266173
603084294923
603084294916
603084215119
603084215102
603084463183
603084463169
603084260140
603084001200
603084294916
012044040492
012044041727
037000520252
037000571780
037000877691
037000012146
037000061991
037000062035
037000011989

Content-Type: text/plain; charset=UTF-8

Trash bag sales oct22 650 600s
840323100540
076914550603
076914601633

Content-Type: text/plain; charset=UTF-8

Laundry delegates
037000949459 995
037000874546 995
037000194941 995
037000127864 995
037000979326 995
037000979319 995
037000158158 995
037000224051 995
037000874522 550
037000875895 550
037000876267 550
037000224006 550
037000716662 495
037000955672 495
037000509547 495
037000930358 495
037000926986 900

Content-Type: text/plain; charset=UTF-8

Cat treat 2 upc e all 5.200
07932014
07908017
07908211
07907212

Content-Type: text/plain; charset=UTF-8

Sales
2.500s feb3
028400371858

250s feb3
028400201261
028400199148

052000128574 260 2.400s oct29

Content-Type: text/plain; charset=UTF-8

Cleaning chemical
030036846587 285
073078121212 100
073078012121 100
016500980346 200
030036846594 225
062338879796 400
757037119952 400
886449520107 200
886449508105 359
059647510649 200
046500723728 425
046500723544 425
033200113072 180
033200113218 180
033200115250 180
033200114482 180
851266000224 250
851266000200 250
838562001650 100
838562001759 100
046500154799 200
046500154744 200
046500732058 200
046500735639 200
044600012117 275
030036846525 185
019200832625 435
019200006194 425
019200903691 350
019200831222 350
074405099167 280
011120004113 375
093973794090 200
046500731792 300
070481011024 250

Content-Type: text/plain; charset=UTF-8

Brooms shit
082269420003 150
011171568732 350
011171462696 595
011171269660 450
011171269752 350
011171230264 150
011171248900 450
011171231155 135
011171231186 135
011171231162 135
011171527456 200
070982013428 400
070982014999 485
070982010724 300
051141984247 300
011171231148 225
011171231131 225
011171231254 450
011171231193 450
011171231179 400
082269422021 250
011171209772 350
011171227196 250
430000167869 100
011171231230 300
011171223426 275
011171223419 450
011171231148 275
011171231292 275
011171231285 275
011171233401 350

617184201521 200
741943236308 200
011171568725 850
011171269745 800
082269720301 300
617184003026 400
082269060438 700
011171466144 700
011171568749 1200
011171211836 650
082269405024 500
082269020326 800

Content-Type: text/plain; charset=UTF-8

Salad bowl
073149076502 250

Content-Type: text/plain; charset=UTF-8

Beer upc e
03400713 1080
03435719 735
01801828 735
01811524 735
03435719 430
01824324 510
01804320 510
01842621 510
01806328 510

Content-Type: text/plain; charset=UTF-8

Content-Type: text/plain; charset=UTF-8

Cat c flashlights and battlery
035355424829 100
430000597505 400
430000613076 300
430000512621 500
400026080909 295
430000646319 200
035355420876 450

Content-Type: text/plain; charset=UTF-8

022700581030 600

Content-Type: text/plain; charset=UTF-8

Nail paint all 100
731509606096
731509633047
731509606072
731509606065
731509605907
731509606041
731509605976
731509605969
731509605952
731509605945
731509605938
731509605921
731509605617
731509605570
731509625042
731509625035
731509625028
731509605853
731509605839
731509605822
731509605808
731509605730
731509605723
731509605716
731509605709
731509605686

Content-Type: text/plain; charset=UTF-8

075 070s oct22
023100010045
023100019079
023100113852
023100113838
023100111162

Content-Type: text/plain; charset=UTF-8

Whats on sales sept 25-oct 22
027331000332 200 but 185s

Content-Type: text/plain; charset=UTF-8

Ice Cream Topping upc e and a
03431801 225
056924569611 165
225

Content-Type: text/plain; charset=UTF-8

Dairy and milk
041900079161 295
041900079499 275
041900075323 160
041900077020 300
041900076795 300
041900076818 275
041900076610 300
041900072957 365
041900074968 365
025293000988 335

Content-Type: text/plain; charset=UTF-8

Dish cleaner oct22 600 595s
037000863175
037000880806
037000960294

Content-Type: text/plain; charset=UTF-8

720547001017 500 450s oct22
054600105689 285 250s oct1
025700700791 300 250s oct1

Content-Type: text/plain; charset=UTF-8



Crackers
076983351729 200
076983351699 200
04446307 300
030100182016 280
086106033005 155
044000000578 265
044000034535 200
076983400205 200
030100103097 280
076983400038 100
076983351569 200
030100100577 295
030100111764 285
076983386585 155
024100705665 200
024100705825 200
044000045517 385
076983400052 155
024100110414 200
024100705849 200
024100109999 150
876941007718 150
076983400069 300
044000042738 300
044000034832 255
044000031121 200
024100109876 200
014100096061 285
044000030490 100
098533340168 100
098533340151 300
044000031138 255
044000019310 100
072320111766 200
014100085393 200
014100085478 100
098533340182 100
098533340199 100
098533340175 300
044000043254 300

Content-Type: text/plain; charset=UTF-8

Bread
071955107113 275
072250037129 300
072250049191 275
070210001432 125
072250010177 200
070210012698 125
070210012841 150
072250037068 300
070210012704 125
072250011457 220

Content-Type: text/plain; charset=UTF-8

Kirby bath dg
017000039381 300
017000039633 495
017000029313 300
017000090115 300
035000141484 300 but 200s

017000141169 300
017000117072 300
017000147079 200
017000039008 200
017000093062 200
017000003245 200
017000024103 200
035000141491 300
035000141255 225 but 200s
035000141088 225

851179002032 100
876941005974 100
851179002018 100
072785115422 200
017000071893 300
072785115439 200
017000018690 300
017000118567 650
035000263247 400
035000269195 400
035000269188 400

074182281878 300
074182281847 300
816559014289 300
816559014302 300
816559012452 300
816559010212 300
017000994499 375
017000120027 375
017000046495 375

067153943394 250
072785115415 250
045893105555 300
011111471184 300
011111110915 300
011111014916 300
037000905295 400 but 350s
037000267904 400 but 350s
037000866800 400 but 350s
037000167709 400 but 350s
037000393160 400 but 350s
011111439238 400
011111240919 400
011111240933 400

079400848604 200
809219600038 200
079400069672 200
079400345783 200
079400347374 350
079400872401 200
809219080021 150
815195011195 250
815195012581 250
815195011201 250

Content-Type: text/plain; charset=UTF-8

Cat treat
050000962860 060
050000293292 060
050000962822 060
079100513376 5.200
079100513383 5.200
079100513390 5.200

079100513406 3.100
079100513413 3.100
079100515547 3.100

050000579334 070
050000040803 070
050000836123 070
050000429943 070
050000428748 070
050000215621 795
023100102962 2.100
023100110776 300

023100001586 175
023100001579 175
023100105437 175
023100000992 175
058496701222 175
023100223902 175
079100527311 100
829274527156 150

058496281281 300
023100106489 300
023100103969 300
050000580873 300
050000574438 165
079100000791 100
079100000784 100

Content-Type: text/plain; charset=UTF-8

Laundry addition
610352073036 295
037000355106 375
037000841753 485
037000106319 695
037000834656 500
037000952749 500

037000357629 500 400s oct22
037000393009 500 400s oct22

037000425397 450
037000841531 450
072613460908 450
072613459896 450
037000319719 500
093973730128 185
093973797732 200

Content-Type: text/plain; charset=UTF-8

050000294701
1195 1150s

Content-Type: text/plain; charset=UTF-8

829274513753
425 400s oct1

Content-Type: text/plain; charset=UTF-8

Ethic care
072982449818 525
072982449399 525
857361004266 400
857361004310 400
857361004303 400
034285526122 350
034285561000 400
802535470026 285
038276090111 425
052336607002 450
052336607910 285
038276005863 250
052336608009 250

817513015441 400
817513015434 400
817513010002 595
817513015328 500
764302215714 695
764302215707 695
764302215691 695
764302280842 695
764302280835 695
810333022507 575
810333022491 575
810333022484 575
080878177165 500
802535493155 350

817513010033 595
856017000126 595
817513016325 150
817513015694 400
746817579284 100
746817579246 100
746817579321 100
632169112470 175
632169112456 175
632169112463 175
746817584400 300

Content-Type: text/plain; charset=UTF-8

495 450s oct22
037000956150
037000867500
037000916222
037000955672
037000509547
037000930358

Content-Type: text/plain; charset=UTF-8

1016 Donaldson ave
Dg
2nd first aid
328785101058 1474
028785300405 350
074108104649 1200
632615060003 400
722608020555 400
845717090025 200

305212345001 450
067153946838 250
017276226430 450
017276226102 225
017276226416 550
017276226409 275
017276227543 450
884389104098 200

024144812275 400
024144812268 400
024144812282 400
024144812299 225
024144812251 175
017276226089 250
017276226096 250
017276226072 175
017276225310 100
017276225303 100
381371161232 175
381371161454 300
884389120098 200

017276225280 175
017276225273 150
017276227000 300
017276226140 100
017276229042 100
381370056850 300
381370044314 300
017276230116 200
017276230109 200
051135813874 250
051131995246 250
051131995116 250
051131913868 350
051131667754 350

017276227017 200
381370055662 350
381370044086 300
017276225259 175
017276229837 100
381370046707 200
017276227390 150
017276227420 100
381370046677 200
381370047681 300
017276229059 100
381370056355 200

017276228106 250
017276228090 200
017276228113 200
017276228175 200
017276228182 175
017276228168 175
017276228151 175
017276228120 275
017276228144 200
017276228137 175
381371162864 300
381371163175 300
017276229974 100
017276227048 100

004729062141 250
370030657681 375
300810737944 500
370030640096 400
370030640089 250
300810730884 425
370030659661 300
034197008327 400

067742323002 250
041167050101 409
041167056707 550
041167003503 535
370030659104 275
370030167531 225
041167003909 275
370030659227 250
780707304853 250

Content-Type: text/plain; charset=UTF-8

Soft drinks liters
165 3.300s oct1
049000050110
049000050158
049000050103

Content-Type: text/plain; charset=UTF-8

Coco ass 3rd bottom half
072785115736 195
710632400092 150
710632400085 150
710632400047 150
710632400054 100
072785109261 150
710632400078 100

082121802183 150
082121802176 150
082121801629 100
719565356544 100
719565344138 100

082121802756 100
719565356698 500
719565356346 100
719565320507 100

082121807300 100
082121807539 100
082121807362 100
082121807133 100
082121807423 100
082121807928 100
082121807966 175
731509559125 295
731509559149 295
731509559156 295
731509583953 295
731509558708 295

430000147366 200
430000147281 150
430000147151 150
430000147342 100
731509587173 600
731509559132 295
731509559163 295
731509558593 295
731509558586 295

Content-Type: text/plain; charset=UTF-8

Dog food 2
071190006004 1595
017800175401 1725
019014800193 1375s
023100110349 450s
071190008190 545s
017800175043 595
019014610860 595
023100103631 450s
017800134651 575
017800134835 575
019014700110 595

Content-Type: text/plain; charset=UTF-8

Ugly dg in kibry
Haircare
052336608108 255
052336631793 255
052336990678 255
075724245662 175
075724252004 535
075724219281 450
075724219342 450
038276051426 300
038276051211 435
693673112158 130
693673112073 255
034285557164 435
072785115330 200
305210304956 155
802535496156 350
802535491120 350
802535495067 350
802535439030 285
802535454019 100
802535434158 300
802535442122 300
802535443082 300
034285523053 200
034285120061 200
034225508041 200
034285504083 200
034285508128 200
034285500122 255
075724631083 300
075610431100 475
071164111215 100
010181025211 100
010181033155 175
010181025105 475
010181025938 485
632169110308 500
802535439030 565
632169111015 155
632169110797 500
632169120147 375
032023015358 385
032023016188 385
032023015143 280
032023002105 385
032023004161 385
632169113248 350
632169113262 350
746817581027 200
746817820003 400
746817820027 400
381518900113 480
381518900038 480
075285000328 500
072790003783 500
072790003721 500
072790003714 500
075285003312 500
075285003305 500
033859905592 400
033859905585 400

Content-Type: text/plain; charset=UTF-8

Dog food
079100501540 450
079100510368 100
079100528707 100
070155141989 150
079100525232 200
079100527625 075
070155142788 075
070155142832 100
070155142818 075
079100512775 125
070155142016 075
070155142689 350
023100110110 395
023100117072 595
038100173911 350
070155142672 150
070155142009 150
038100535788 300

Content-Type: text/plain; charset=UTF-8

038000391347 300 185s oct1
042400231370 375 300s oct22
042400231363 375 300s oct22
042400231387 375 300s oct22
042400245001 375 300s oct22
042400244998 375 300s oct22
042400244981 375 300s oct22
030000036907 240 200s oct1
030000050705 250 200s oct1
030000321386 195 2.300s oct1
030000321416 195 2.300s oct1

Content-Type: text/plain; charset=UTF-8

Addition laundry
012005427577 475
012005427584 250
037000946007 900
037000945994 500
012005404653 250
037000840015 1050
037000849193 1550
037000849100 1050
037000849322 595
033200065135 800
037000849155 1050
037000849322 595
072613708802 250
024200096472 500
024200098056 500

Content-Type: text/plain; charset=UTF-8

Lays chips
038000850325 150

Content-Type: text/plain; charset=UTF-8

12 pack soft drinks can
3.900s oct1
078000082166 475
078000083163 475
078000011807 425
078000052169 425

Content-Type: text/plain; charset=UTF-8

Cosmetic shit all 150
081555733223
081555733216
081555733131
081555733216

Content-Type: text/plain; charset=UTF-8

Fresher oct 15 500 450s
851266000941
851266000262
851266000958
851266000132

Content-Type: text/plain; charset=UTF-8

Dairy and butter
011115871324 135
040600345002 290
028300199996 300
070026014275 250
041271301526 350

Content-Type: text/plain; charset=UTF-8

Gum
059642923277 100
059642131924 100
059642142449 100
022000109965 235
022000112507 225
022000112491 235
022000112484 235
012546672573 250

Content-Type: text/plain; charset=UTF-8

Clearance 2 dg special
011179305520 090
011179346714 090
011179614820 090
011179614851 090
011179614868 090
073287371200 180
749384903193 090
052100084800 121
052100062105 270
035000144744 290
035000141255 225
081555740856 225
301221416978 315
883096148654 225
037000385929 090
046500739484 270
301221037036 411
037000909033 450
754502024452 900
037000932116 450
011481904763 175
073010480100 290
077487904855 175
030878725965 350
037000198086 300
037000909002 450
054000751301 225

Content-Type: text/plain; charset=UTF-8

022798177504 250 200s oct22
019800704803 300 275s oct22
025700713814 400 350s oct22
037000820277 350 315s oct22
037000878094 375 2.600s oct22
037000967460 375 2.600s oct22
037000971672 375 2.600s oct22
037000863175 600 595s oct1
037000880806 600 595s oct1

Content-Type: text/plain; charset=UTF-8

Dog food 3
017800410274 550
80017509 ean8. 550s
023100103648 450s
079100518579 275
017800404006 550
017800110303 550

Content-Type: text/plain; charset=UTF-8

100 b2g1s oct22
016000461499
016000461475
016000461444
016000461482

Content-Type: text/plain; charset=UTF-8

Fg wells Fargo 095
049000065589
049000045239
049000045734
049000045758
049000045741
049000045796
049000045734
049000050349

Content-Type: text/plain; charset=UTF-8

Penuater butter and jelly oct15
045300005492 250 175s
045300005423 250 175s
041800501502 200 175s
04181937 195 175s

Content-Type: text/plain; charset=UTF-8

Reading glasses shits on
031568873171 200
031568873089 300

Content-Type: text/plain; charset=UTF-8



Clearance
011179346615 100
011179346912 100
011179614875 090
011179614899 090
011179614882 090
011179450879 180
011179614851 090
430000360376 100
072867251888 540

Content-Type: text/plain; charset=UTF-8



Clearance
011179346622 090
044600311326 400
073287371200 180
019200895439 225
011179664405 159
011179346714 090
804134133661 090
804134111737 090

Content-Type: text/plain; charset=UTF-8



Clearance
840323100519 425
030768003258 315
030768503567 427
090891203727 425
810105006346 100
052100062105 270
011179614844 090
430000613045 090
031779708071 090
635928140233 225

Content-Type: text/plain; charset=UTF-8

Plastic containers
Dg
071691174851 450
073149342669 600
073149394866 600
071691465027 1000
071691464549 450
071691231004 250
071691174844 300
071691231042 250
071691488866 300
071691231035 250r now 200s
071691230977 250
071691230991 250
071691498803 250
400016106336 250
430000186792 100
430000186761 100
430000217151 100
012587701294 500
012587788431 300
012587786567 300

Content-Type: text/plain; charset=UTF-8

Dish detergent 1
072785114111 185
037000846499 265
037000846475 275
037000846246 275
037000846598 275
037000255741 285
037000878094 375
037000967460 375
037000971672 375
037000914518 800
037000861768 200
037000149590 595
037000861799 200
037000220947 595
037000222750 265
037000217374 100
035000498625 300
037000172208 375
037000827894 200

Content-Type: text/plain; charset=UTF-8

037000928164 1700 1500s oct1
037000928102 2400 2300s oct1

Content-Type: text/plain; charset=UTF-8

Toothpastes all 100
037000928584
037000924234
037000884378
037000884361
035000566850
033200742425
035000511072
053100337859
033200000907
033200000921

Content-Type: text/plain; charset=UTF-8

037000915812 500 450s oct1

Content-Type: text/plain; charset=UTF-8



Soup
070662096321 100
070662096314 100
070662007013 100
070662007020 100
070662087213 100
070662087244 100
070662087299 100
070662030325 100
070662030318 100
070662030332 100
070662015025 225
070662015032 225
070662055038 100
079851314017 100
04136202 145
04132400 145
760263000260 300
760263000161 300
070662055106 100

Content-Type: text/plain; charset=UTF-8



037000026112
037000429029
037000004455

Content-Type: text/plain; charset=UTF-8

807020160833 350 300s oct1
807020170900 350 300s oct1
071190006684 325 300s oct22

Content-Type: text/plain; charset=UTF-8

Eyecare
310119301098 300
678112653218 375
678112659203 235
678112665778 375
780707006412 150
678112665778 675
780707006429 400
342002209051 675
310119303535 400
342002200058 675
780707005217 300
780707005170 400
300651431285 800
300651431315 500
310119301821 350
095072052552 650
047113609126 925
047113609034 525
310119301999 600
310119303504 400
310119031223 875
310119031186 425
010119415022 175
827444000638 200 s
300653144503 800
095072049552 450
300650356107 925 s
300650356046 550
300650361033 600
300650361026 250

Content-Type: text/plain; charset=UTF-8

Ugly dg above blue vitiam shelve
885898000086 600
076314302987 450
076314302970 450
074312572449 600
370030640188 350
301221302820 400
300054860705 700
027917014715 500
016500557098 800
016500556145 800
787651200675 300
072959060220 385

Content-Type: text/plain; charset=UTF-8

The two top vittiam at ugly dg
025077591480 650
016500548416 625
301221313758 350
301221742459 350
300054756305 500
300054755315 500
301221190892 400
301221190885 275
016500074069 575
016500555919 800
027917006239 425
759427167758 500
030768527785 500
301221151121 400
016500554349 625
370030640256 350
300054758309 500
301221130454 400
070030167004 275
016500550082 800
016500080046 575
016500555940 800

Content-Type: text/plain; charset=UTF-8

Ugly dg blue vitiams
030768724511 500
030768549916 700
030768000875 300
030768175849 500
030768529291 300
030768194055 700
030768038922 700
030768199340 500
030768020903 500
030768001315 500
030768000431 500
030768467333 300
030768419936 500
030768013103 700
030768001759 500
030768553401 700

Content-Type: text/plain; charset=UTF-8

Eyewear
19617084 upc e 200
031568873898 200
031568873324 300
031568873034 200
887661841179 1000
024021801538 800
887661037749 600

Content-Type: text/plain; charset=UTF-8

Dod treat
023100103037 450
023100108827 450
023100107356 450

All 075
023100024516
023100014050
023100024523
023100017792
023100014012
023100335827
023100108322
023100108315
023100102696
023100108360
023100102665
023100105154
023100102702
023100102665

015200300461 400
023100023496 525
011132170783 200
011132170714 200
017800109659 180
017800109642 180

Content-Type: text/plain; charset=UTF-8

FG 1 dog food treat corner baby whips
091093833354 300
091093833378 250
091093822341 200
091093822266 200
615650300273 300
615650220403 175
032251030765 150
032251030772 150
076158081604 250
076158081611 250
076158081635 200
076158081642 200
032251098369 100

Content-Type: text/plain; charset=UTF-8



078742147130

Content-Type: text/plain; charset=UTF-8



Combinations
071735182514
876941004052 100 b3g1s oct
041390024085 2.100
041220907250 150 100s oct23
041220266937 850
027000382493 300

Content-Type: text/plain; charset=UTF-8

Ugly do hair dye
Top two rows all are 900
071249253625
071249253304
071249253267
071249253243
071249253229
071249253205
071249253199
071249253144
071249253137
071249253403
071249253106
071249253069
071249253038
037000644217
037000689409
037000848431
037000887485
037000848462
037000689393
037000644194
037000644224
037000848523
037000887461
037000848547
037000888307

Content-Type: text/plain; charset=UTF-8

183689001091 500 500s oct1
037000949916 550 495s oct1
037000929697 550 495s oct1
072740383712 500 495s oct1

Content-Type: text/plain; charset=UTF-8



Soup
051000208255 195
051000211644 195
051000005243 195
051000142931 195
041196410761 195
041196910360 195
051000005564 195
051000038852 195 b2 g1
051000005687 195 b2 g1
051000150073 195
041196010886 150 s
041196914030 150 s
041196914016 195
051000227492 150
051000227508 150
051000202048 150
051000204806 150
051000201997 150
051000224729 150
051000187666 100
051000187680 100
051000231529 150
051000010315 125
051000012616 125
075200300366 065
075200300298 065
075200300311 065
075200300328 065
075200300359 100
075200300304 065
075200300175 065
011110747075 075
051000024312 100
051000024213 100
058354000917 150
058354003918 150
041820810134 100
041820810127 100
776834920004 169
776834900006 160
051000121141 250
776834910005 160

Content-Type: text/plain; charset=UTF-8


Content-Type: text/plain; charset=UTF-8

Cat c pest control
891549110202 200
071121020482 400
046500767463 355
071121961815 550.s
046500119743 795
071121962768 175
071121963000 300
071121963079 300
071121963024 300
046500117176 395
046500164798 395
071121959119 995
071121021175 350
071121961143 650
046500730023850
046500017148 395
046500816666 650
046500766152 500
071121963109 325.s
071121962782 300
046500513671 495
071121006370 300
019200940047 500
019200000956 300
048745335452 500
071555813018 175

Content-Type: text/plain; charset=UTF-8

022700705740 400

Content-Type: text/plain; charset=UTF-8